move-h: 20
move-v: 20
push-h: 64
push-v: 64
push-h-goal: 64
push-v-goal: 64
-- RUNNING --
push-h: 0, 0, 64, 0, 64, 0, 64, 0, 64, 1
push-h: 0, 0, 64, 0, 64, 0, 64, 0, 64, 2
push-h: 0, 0, 64, 0, 64, 0, 64, 0, 64, 3
push-h: 0, 0, 64, 0, 64, 0, 64, 0, 64, 4
push-h: 0, 0, 64, 0, 64, 0, 64, 0, 64, 5
push-h: 0, 0, 64, 0, 64, 0, 64, 0, 64, 6
push-v: 0, 0, 64, 0, 64, 0, 64, 0, 64, 1
push-v: 0, 0, 64, 0, 64, 0, 64, 0, 64, 2
push-v: 0, 0, 64, 0, 64, 0, 64, 0, 64, 3
push-v: 0, 0, 64, 0, 64, 0, 64, 0, 64, 4
push-v: 0, 0, 64, 0, 64, 0, 64, 0, 64, 5
push-v: 0, 0, 64, 0, 64, 0, 64, 0, 64, 6
push-h-goal: 0, 0, 64, 0, 64, 0, 64, 0, 64, 1
push-h-goal: 0, 0, 64, 0, 64, 0, 64, 0, 64, 2
push-h-goal: 0, 0, 64, 0, 64, 0, 64, 0, 64, 3
push-h-goal: 0, 0, 64, 0, 64, 0, 64, 0, 64, 4
push-h-goal: 0, 0, 64, 0, 64, 0, 64, 0, 64, 5
push-h-goal: 0, 0, 64, 0, 64, 0, 64, 0, 64, 6
push-v-goal: 0, 0, 64, 0, 64, 0, 64, 0, 64, 1
push-v-goal: 0, 0, 64, 0, 64, 0, 64, 0, 64, 2
push-v-goal: 0, 0, 64, 0, 64, 0, 64, 0, 64, 3
push-v-goal: 0, 0, 64, 0, 64, 0, 64, 0, 64, 4
push-v-goal: 0, 0, 64, 0, 64, 0, 64, 0, 64, 5
push-v-goal: 0, 0, 64, 0, 64, 0, 64, 0, 64, 6
push-h: 0, 0, 64, 0, 64, 0, 64, 0, 64, 7
push-h: 0, 0, 64, 0, 64, 0, 64, 0, 64, 8
push-h: 0, 0, 64, 0, 64, 0, 64, 0, 64, 9
push-h: 0, 0, 64, 0, 64, 0, 64, 0, 64, 10
push-h: 0, 0, 64, 0, 64, 0, 64, 0, 64, 11
push-h: 0, 0, 64, 0, 64, 0, 64, 0, 64, 12
push-v: 0, 0, 64, 0, 64, 0, 64, 0, 64, 7
push-v: 0, 0, 64, 0, 64, 0, 64, 0, 64, 8
push-v: 0, 0, 64, 0, 64, 0, 64, 0, 64, 9
push-v: 0, 0, 64, 0, 64, 0, 64, 0, 64, 10
push-v: 0, 0, 64, 0, 64, 0, 64, 0, 64, 11
push-v: 0, 0, 64, 0, 64, 0, 64, 0, 64, 12
push-h-goal: 0, 0, 64, 0, 64, 0, 64, 0, 64, 7
push-h-goal: 0, 0, 64, 0, 64, 0, 64, 0, 64, 8
push-h-goal: 0, 0, 64, 0, 64, 0, 64, 0, 64, 9
push-h-goal: 0, 0, 64, 0, 64, 0, 64, 0, 64, 10
push-h-goal: 0, 0, 64, 0, 64, 0, 64, 0, 64, 11
push-h-goal: 0, 0, 64, 0, 64, 0, 64, 0, 64, 12
push-v-goal: 0, 0, 64, 0, 64, 0, 64, 0, 64, 7
push-v-goal: 0, 0, 64, 0, 64, 0, 64, 0, 64, 8
push-v-goal: 0, 0, 64, 0, 64, 0, 64, 0, 64, 9
push-v-goal: 0, 0, 64, 0, 64, 0, 64, 0, 64, 10
push-v-goal: 0, 0, 64, 0, 64, 0, 64, 0, 64, 11
push-v-goal: 0, 0, 64, 0, 64, 0, 64, 0, 64, 12
push-h: 0, 0, 64, 0, 64, 0, 64, 0, 64, 13
push-h: 0, 0, 64, 0, 64, 0, 64, 0, 64, 14
push-h: 0, 0, 64, 0, 64, 0, 64, 0, 64, 15
push-h: 0, 0, 64, 0, 64, 0, 64, 0, 64, 16
push-h: 0, 0, 64, 0, 64, 0, 64, 0, 64, 17
push-h: 0, 0, 64, 0, 64, 0, 64, 0, 64, 18
push-v: 0, 0, 64, 0, 64, 0, 64, 0, 64, 13
push-v: 0, 0, 64, 0, 64, 0, 64, 0, 64, 14
push-v: 0, 0, 64, 0, 64, 0, 64, 0, 64, 15
push-v: 0, 0, 64, 0, 64, 0, 64, 0, 64, 16
push-v: 0, 0, 64, 0, 64, 0, 64, 0, 64, 17
push-v: 0, 0, 64, 0, 64, 0, 64, 0, 64, 18
push-h-goal: 0, 0, 64, 0, 64, 0, 64, 0, 64, 13
push-h-goal: 0, 0, 64, 0, 64, 0, 64, 0, 64, 14
push-h-goal: 0, 0, 64, 0, 64, 0, 64, 0, 64, 15
push-h-goal: 0, 0, 64, 0, 64, 0, 64, 0, 64, 16
push-h-goal: 0, 0, 64, 0, 64, 0, 64, 0, 64, 17
push-h-goal: 0, 0, 64, 0, 64, 0, 64, 0, 64, 18
push-v-goal: 0, 0, 64, 0, 64, 0, 64, 0, 64, 13
push-v-goal: 0, 0, 64, 0, 64, 0, 64, 0, 64, 14
push-v-goal: 0, 0, 64, 0, 64, 0, 64, 0, 64, 15
push-v-goal: 0, 0, 64, 0, 64, 0, 64, 0, 64, 16
push-v-goal: 0, 0, 64, 0, 64, 0, 64, 0, 64, 17
push-v-goal: 0, 0, 64, 0, 64, 0, 64, 0, 64, 18
push-h: 0, 0, 64, 0, 64, 0, 64, 0, 64, 19
push-h: 0, 0, 64, 0, 64, 0, 64, 0, 64, 20
push-h: 0, 0, 64, 0, 64, 0, 64, 0, 64, 21
push-h: 0, 0, 64, 0, 64, 0, 64, 0, 64, 22
push-h: 0, 0, 64, 0, 64, 0, 64, 0, 64, 23
push-h: 0, 0, 64, 0, 64, 0, 64, 0, 64, 24
push-v: 0, 0, 64, 0, 64, 0, 64, 0, 64, 19
push-v: 0, 0, 64, 0, 64, 0, 64, 0, 64, 20
push-v: 0, 0, 64, 0, 64, 0, 64, 0, 64, 21
push-v: 0, 0, 64, 0, 64, 0, 64, 0, 64, 22
push-v: 0, 0, 64, 0, 64, 0, 64, 0, 64, 23
push-v: 0, 0, 64, 0, 64, 0, 64, 0, 64, 24
push-h-goal: 0, 0, 64, 0, 64, 0, 64, 0, 64, 19
push-h-goal: 0, 0, 64, 0, 64, 0, 64, 0, 64, 20
push-h-goal: 0, 0, 64, 0, 64, 0, 64, 0, 64, 21
push-h-goal: 0, 0, 64, 0, 64, 0, 64, 0, 64, 22
push-h-goal: 0, 0, 64, 0, 64, 0, 64, 0, 64, 23
push-h-goal: 0, 0, 64, 0, 64, 0, 64, 0, 64, 24
push-v-goal: 0, 0, 64, 0, 64, 0, 64, 0, 64, 19
push-v-goal: 0, 0, 64, 0, 64, 0, 64, 0, 64, 20
push-v-goal: 0, 0, 64, 0, 64, 0, 64, 0, 64, 21
push-v-goal: 0, 0, 64, 0, 64, 0, 64, 0, 64, 22
push-v-goal: 0, 0, 64, 0, 64, 0, 64, 0, 64, 23
push-v-goal: 0, 0, 64, 0, 64, 0, 64, 0, 64, 24
push-h: 0, 0, 64, 0, 64, 0, 64, 0, 64, 25
push-h: 0, 0, 64, 0, 64, 0, 64, 0, 64, 26
push-h: 0, 0, 64, 0, 64, 0, 64, 0, 64, 27
push-h: 0, 0, 64, 0, 64, 0, 64, 0, 64, 28
push-h: 0, 0, 64, 0, 64, 0, 64, 0, 64, 29
push-h: 0, 0, 64, 0, 64, 0, 64, 0, 64, 30
push-v: 0, 0, 64, 0, 64, 0, 64, 0, 64, 25
push-v: 0, 0, 64, 0, 64, 0, 64, 0, 64, 26
push-v: 0, 0, 64, 0, 64, 0, 64, 0, 64, 27
push-v: 0, 0, 64, 0, 64, 0, 64, 0, 64, 28
push-v: 0, 0, 64, 0, 64, 0, 64, 0, 64, 29
push-v: 0, 0, 64, 0, 64, 0, 64, 0, 64, 30
push-h-goal: 0, 0, 64, 0, 64, 0, 64, 0, 64, 25
push-h-goal: 0, 0, 64, 0, 64, 0, 64, 0, 64, 26
push-h-goal: 0, 0, 64, 0, 64, 0, 64, 0, 64, 27
push-h-goal: 0, 0, 64, 0, 64, 0, 64, 0, 64, 28
push-h-goal: 0, 0, 64, 0, 64, 0, 64, 0, 64, 29
push-h-goal: 0, 0, 64, 0, 64, 0, 64, 0, 64, 30
push-v-goal: 0, 0, 64, 0, 64, 0, 64, 0, 64, 25
push-v-goal: 0, 0, 64, 0, 64, 0, 64, 0, 64, 26
push-v-goal: 0, 0, 64, 0, 64, 0, 64, 0, 64, 27
push-v-goal: 0, 0, 64, 0, 64, 0, 64, 0, 64, 28
push-v-goal: 0, 0, 64, 0, 64, 0, 64, 0, 64, 29
push-v-goal: 0, 0, 64, 0, 64, 0, 64, 0, 64, 30
push-h: 0, 0, 64, 0, 64, 0, 64, 0, 64, 31
push-h: 0, 0, 64, 0, 64, 0, 64, 0, 64, 32
push-h: 0, 0, 64, 0, 64, 0, 64, 0, 64, 33
push-h: 0, 0, 64, 0, 64, 0, 64, 0, 64, 34
push-h: 0, 0, 64, 0, 64, 0, 64, 0, 64, 35
push-h: 0, 0, 64, 0, 64, 0, 64, 0, 64, 36
push-v: 0, 0, 64, 0, 64, 0, 64, 0, 64, 31
push-v: 0, 0, 64, 0, 64, 0, 64, 0, 64, 32
push-v: 0, 0, 64, 0, 64, 0, 64, 0, 64, 33
push-v: 0, 0, 64, 0, 64, 0, 64, 0, 64, 34
push-v: 0, 0, 64, 0, 64, 0, 64, 0, 64, 35
push-v: 0, 0, 64, 0, 64, 0, 64, 0, 64, 36
push-h-goal: 0, 0, 64, 0, 64, 0, 64, 0, 64, 31
push-h-goal: 0, 0, 64, 0, 64, 0, 64, 0, 64, 32
push-h-goal: 0, 0, 64, 0, 64, 0, 64, 0, 64, 33
push-h-goal: 0, 0, 64, 0, 64, 0, 64, 0, 64, 34
push-h-goal: 0, 0, 64, 0, 64, 0, 64, 0, 64, 35
push-h-goal: 0, 0, 64, 0, 64, 0, 64, 0, 64, 36
push-v-goal: 0, 0, 64, 0, 64, 0, 64, 0, 64, 31
push-v-goal: 0, 0, 64, 0, 64, 0, 64, 0, 64, 32
push-v-goal: 0, 0, 64, 0, 64, 0, 64, 0, 64, 33
push-v-goal: 0, 0, 64, 0, 64, 0, 64, 0, 64, 34
push-v-goal: 0, 0, 64, 0, 64, 0, 64, 0, 64, 35
push-v-goal: 0, 0, 64, 0, 64, 0, 64, 0, 64, 36
push-h: 0, 0, 64, 0, 64, 0, 64, 0, 64, 37
push-h: 0, 0, 64, 0, 64, 0, 64, 0, 64, 38
push-h: 0, 0, 64, 0, 64, 0, 64, 0, 64, 39
push-h: 0, 0, 64, 0, 64, 0, 64, 0, 64, 40
push-h: 0, 0, 64, 0, 64, 0, 64, 0, 64, 41
push-h: 0, 0, 64, 0, 64, 0, 64, 0, 64, 42
push-v: 0, 0, 64, 0, 64, 0, 64, 0, 64, 37
push-v: 0, 0, 64, 0, 64, 0, 64, 0, 64, 38
push-v: 0, 0, 64, 0, 64, 0, 64, 0, 64, 39
push-v: 0, 0, 64, 0, 64, 0, 64, 0, 64, 40
push-v: 0, 0, 64, 0, 64, 0, 64, 0, 64, 41
push-v: 0, 0, 64, 0, 64, 0, 64, 0, 64, 42
push-h-goal: 0, 0, 64, 0, 64, 0, 64, 0, 64, 37
push-h-goal: 0, 0, 64, 0, 64, 0, 64, 0, 64, 38
push-h-goal: 0, 0, 64, 0, 64, 0, 64, 0, 64, 39
push-h-goal: 0, 0, 64, 0, 64, 0, 64, 0, 64, 40
push-h-goal: 0, 0, 64, 0, 64, 0, 64, 0, 64, 41
push-h-goal: 0, 0, 64, 0, 64, 0, 64, 0, 64, 42
push-v-goal: 0, 0, 64, 0, 64, 0, 64, 0, 64, 37
push-v-goal: 0, 0, 64, 0, 64, 0, 64, 0, 64, 38
push-v-goal: 0, 0, 64, 0, 64, 0, 64, 0, 64, 39
push-v-goal: 0, 0, 64, 0, 64, 0, 64, 0, 64, 40
push-v-goal: 0, 0, 64, 0, 64, 0, 64, 0, 64, 41
push-v-goal: 0, 0, 64, 0, 64, 0, 64, 0, 64, 42
push-h: 0, 0, 64, 0, 64, 0, 64, 0, 64, 43
push-h: 0, 0, 64, 0, 64, 0, 64, 0, 64, 44
push-h: 0, 0, 64, 0, 64, 0, 64, 0, 64, 45
push-h: 0, 0, 64, 0, 64, 0, 64, 0, 64, 46
push-h: 0, 0, 64, 0, 64, 0, 64, 0, 64, 47
push-h: 0, 0, 64, 0, 64, 0, 64, 0, 64, 48
push-v: 0, 0, 64, 0, 64, 0, 64, 0, 64, 43
push-v: 0, 0, 64, 0, 64, 0, 64, 0, 64, 44
push-v: 0, 0, 64, 0, 64, 0, 64, 0, 64, 45
push-v: 0, 0, 64, 0, 64, 0, 64, 0, 64, 46
push-v: 0, 0, 64, 0, 64, 0, 64, 0, 64, 47
push-v: 0, 0, 64, 0, 64, 0, 64, 0, 64, 48
push-h-goal: 0, 0, 64, 0, 64, 0, 64, 0, 64, 43
push-h-goal: 0, 0, 64, 0, 64, 0, 64, 0, 64, 44
push-h-goal: 0, 0, 64, 0, 64, 0, 64, 0, 64, 45
push-h-goal: 0, 0, 64, 0, 64, 0, 64, 0, 64, 46
push-h-goal: 0, 0, 64, 0, 64, 0, 64, 0, 64, 47
push-h-goal: 0, 0, 64, 0, 64, 0, 64, 0, 64, 48
push-v-goal: 0, 0, 64, 0, 64, 0, 64, 0, 64, 43
push-v-goal: 0, 0, 64, 0, 64, 0, 64, 0, 64, 44
push-v-goal: 0, 0, 64, 0, 64, 0, 64, 0, 64, 45
push-v-goal: 0, 0, 64, 0, 64, 0, 64, 0, 64, 46
push-v-goal: 0, 0, 64, 0, 64, 0, 64, 0, 64, 47
push-v-goal: 0, 0, 64, 0, 64, 0, 64, 0, 64, 48
push-h: 0, 0, 64, 0, 64, 0, 64, 0, 64, 49
push-h: 0, 0, 64, 0, 64, 0, 64, 0, 64, 50
push-h: 0, 0, 64, 0, 64, 0, 64, 0, 64, 51
push-h: 0, 0, 64, 0, 64, 0, 64, 0, 64, 52
push-h: 0, 0, 64, 0, 64, 0, 64, 0, 64, 53
push-h: 0, 0, 64, 0, 64, 0, 64, 0, 64, 54
push-v: 0, 0, 64, 0, 64, 0, 64, 0, 64, 49
push-v: 0, 0, 64, 0, 64, 0, 64, 0, 64, 50
push-v: 0, 0, 64, 0, 64, 0, 64, 0, 64, 51
push-v: 0, 0, 64, 0, 64, 0, 64, 0, 64, 52
push-v: 0, 0, 64, 0, 64, 0, 64, 0, 64, 53
push-v: 0, 0, 64, 0, 64, 0, 64, 0, 64, 54
push-h-goal: 0, 0, 64, 0, 64, 0, 64, 0, 64, 49
push-h-goal: 0, 0, 64, 0, 64, 0, 64, 0, 64, 50
push-h-goal: 0, 0, 64, 0, 64, 0, 64, 0, 64, 51
push-h-goal: 0, 0, 64, 0, 64, 0, 64, 0, 64, 52
push-h-goal: 0, 0, 64, 0, 64, 0, 64, 0, 64, 53
push-h-goal: 0, 0, 64, 0, 64, 0, 64, 0, 64, 54
push-v-goal: 0, 0, 64, 0, 64, 0, 64, 0, 64, 49
push-v-goal: 0, 0, 64, 0, 64, 0, 64, 0, 64, 50
push-v-goal: 0, 0, 64, 0, 64, 0, 64, 0, 64, 51
push-v-goal: 0, 0, 64, 0, 64, 0, 64, 0, 64, 52
push-v-goal: 0, 0, 64, 0, 64, 0, 64, 0, 64, 53
push-v-goal: 0, 0, 64, 0, 64, 0, 64, 0, 64, 54
push-h: 0, 0, 64, 0, 64, 0, 64, 0, 64, 55
push-h: 0, 0, 64, 0, 64, 0, 64, 0, 64, 56
push-h: 0, 0, 64, 0, 64, 0, 64, 0, 64, 57
push-h: 0, 0, 64, 0, 64, 0, 64, 0, 64, 58
push-h: 0, 0, 64, 0, 64, 0, 64, 0, 64, 59
push-h: 0, 0, 64, 0, 64, 0, 64, 0, 64, 60
push-v: 0, 0, 64, 0, 64, 0, 64, 0, 64, 55
push-v: 0, 0, 64, 0, 64, 0, 64, 0, 64, 56
push-v: 0, 0, 64, 0, 64, 0, 64, 0, 64, 57
push-v: 0, 0, 64, 0, 64, 0, 64, 0, 64, 58
push-v: 0, 0, 64, 0, 64, 0, 64, 0, 64, 59
push-v: 0, 0, 64, 0, 64, 0, 64, 0, 64, 60
push-h-goal: 0, 0, 64, 0, 64, 0, 64, 0, 64, 55
push-h-goal: 0, 0, 64, 0, 64, 0, 64, 0, 64, 56
push-h-goal: 0, 0, 64, 0, 64, 0, 64, 0, 64, 57
push-h-goal: 0, 0, 64, 0, 64, 0, 64, 0, 64, 58
push-h-goal: 0, 0, 64, 0, 64, 0, 64, 0, 64, 59
push-h-goal: 0, 0, 64, 0, 64, 0, 64, 0, 64, 60
push-v-goal: 0, 0, 64, 0, 64, 0, 64, 0, 64, 55
push-v-goal: 0, 0, 64, 0, 64, 0, 64, 0, 64, 56
push-v-goal: 0, 0, 64, 0, 64, 0, 64, 0, 64, 57
push-v-goal: 0, 0, 64, 0, 64, 0, 64, 0, 64, 58
push-v-goal: 0, 0, 64, 0, 64, 0, 64, 0, 64, 59
push-v-goal: 0, 0, 64, 0, 64, 0, 64, 0, 64, 60
push-h: 0, 0, 64, 0, 64, 0, 64, 0, 64, 61
push-v: 0, 0, 64, 0, 64, 0, 64, 0, 64, 61
push-h-goal: 0, 0, 64, 0, 64, 0, 64, 0, 64, 61
push-v-goal: 0, 0, 64, 0, 64, 0, 64, 0, 64, 61
push-h: 0, 0, 64, 0, 64, 0, 64, 0, 64, 62
push-h: 0, 0, 64, 0, 64, 0, 64, 0, 64, 63
push-h: 0, 0, 64, 0, 64, 0, 64, 0, 64, 64
push-v: 0, 0, 64, 0, 64, 0, 64, 0, 64, 62
push-v: 0, 0, 64, 0, 64, 0, 64, 0, 64, 63
push-v: 0, 0, 64, 0, 64, 0, 64, 0, 64, 64
push-h-goal: 0, 0, 64, 0, 64, 0, 64, 0, 64, 62
push-h-goal: 0, 0, 64, 0, 64, 0, 64, 0, 64, 63
push-h-goal: 0, 0, 64, 0, 64, 0, 64, 0, 64, 64
push-v-goal: 0, 0, 64, 0, 64, 0, 64, 0, 64, 62
push-v-goal: 0, 0, 64, 0, 64, 0, 64, 0, 64, 63
push-v-goal: 0, 0, 64, 0, 64, 0, 64, 0, 64, 64
push-h: 0, 0, 64, 0, 64, 0, 64, 0, 64, 65
push-h: 0, 0, 64, 0, 64, 0, 64, 0, 64, 66
push-h: 0, 0, 64, 0, 64, 0, 64, 0, 64, 67
push-h: 0, 0, 64, 0, 64, 0, 64, 0, 64, 68
push-h: 0, 0, 64, 0, 64, 0, 64, 0, 64, 69
push-h: 0, 0, 64, 0, 64, 0, 64, 0, 64, 70
push-v: 0, 0, 64, 0, 64, 0, 64, 0, 64, 65
push-v: 0, 0, 64, 0, 64, 0, 64, 0, 64, 66
push-v: 0, 0, 64, 0, 64, 0, 64, 0, 64, 67
push-v: 0, 0, 64, 0, 64, 0, 64, 0, 64, 68
push-v: 0, 0, 64, 0, 64, 0, 64, 0, 64, 69
push-v: 0, 0, 64, 0, 64, 0, 64, 0, 64, 70
push-h-goal: 0, 0, 64, 0, 64, 0, 64, 0, 64, 65
push-h-goal: 0, 0, 64, 0, 64, 0, 64, 0, 64, 66
push-h-goal: 0, 0, 64, 0, 64, 0, 64, 0, 64, 67
push-h-goal: 0, 0, 64, 0, 64, 0, 64, 0, 64, 68
push-h-goal: 0, 0, 64, 0, 64, 0, 64, 0, 64, 69
push-h-goal: 0, 0, 64, 0, 64, 0, 64, 0, 64, 70
push-v-goal: 0, 0, 64, 0, 64, 0, 64, 0, 64, 65
push-v-goal: 0, 0, 64, 0, 64, 0, 64, 0, 64, 66
push-v-goal: 0, 0, 64, 0, 64, 0, 64, 0, 64, 67
push-v-goal: 0, 0, 64, 0, 64, 0, 64, 0, 64, 68
push-v-goal: 0, 0, 64, 0, 64, 0, 64, 0, 64, 69
push-v-goal: 0, 0, 64, 0, 64, 0, 64, 0, 64, 70
push-h: 0, 0, 64, 0, 64, 0, 64, 0, 64, 71
push-h: 0, 0, 64, 0, 64, 0, 64, 0, 64, 72
push-h: 0, 0, 64, 0, 64, 0, 64, 0, 64, 73
push-v: 0, 0, 64, 0, 64, 0, 64, 0, 64, 71
push-v: 0, 0, 64, 0, 64, 0, 64, 0, 64, 72
push-v: 0, 0, 64, 0, 64, 0, 64, 0, 64, 73
push-h-goal: 0, 0, 64, 0, 64, 0, 64, 0, 64, 71
push-h-goal: 0, 0, 64, 0, 64, 0, 64, 0, 64, 72
push-h-goal: 0, 0, 64, 0, 64, 0, 64, 0, 64, 73
push-v-goal: 0, 0, 64, 0, 64, 0, 64, 0, 64, 71
push-v-goal: 0, 0, 64, 0, 64, 0, 64, 0, 64, 72
push-v-goal: 0, 0, 64, 0, 64, 0, 64, 0, 64, 73
push-h: 0, 0, 64, 0, 64, 0, 64, 0, 64, 74
push-h: 0, 0, 64, 0, 64, 0, 64, 0, 64, 75
push-h: 0, 0, 64, 0, 64, 0, 64, 0, 64, 76
push-h: 0, 0, 64, 0, 64, 0, 64, 0, 64, 77
push-h: 0, 0, 64, 0, 64, 0, 64, 0, 64, 78
push-h: 0, 0, 64, 0, 64, 0, 64, 0, 64, 79
push-v: 0, 0, 64, 0, 64, 0, 64, 0, 64, 74
push-v: 0, 0, 64, 0, 64, 0, 64, 0, 64, 75
push-v: 0, 0, 64, 0, 64, 0, 64, 0, 64, 76
push-v: 0, 0, 64, 0, 64, 0, 64, 0, 64, 77
push-v: 0, 0, 64, 0, 64, 0, 64, 0, 64, 78
push-v: 0, 0, 64, 0, 64, 0, 64, 0, 64, 79
push-h-goal: 0, 0, 64, 0, 64, 0, 64, 0, 64, 74
push-h-goal: 0, 0, 64, 0, 64, 0, 64, 0, 64, 75
push-h-goal: 0, 0, 64, 0, 64, 0, 64, 0, 64, 76
push-h-goal: 0, 0, 64, 0, 64, 0, 64, 0, 64, 77
push-h-goal: 0, 0, 64, 0, 64, 0, 64, 0, 64, 78
push-h-goal: 0, 0, 64, 0, 64, 0, 64, 0, 64, 79
push-v-goal: 0, 0, 64, 0, 64, 0, 64, 0, 64, 74
push-v-goal: 0, 0, 64, 0, 64, 0, 64, 0, 64, 75
push-v-goal: 0, 0, 64, 0, 64, 0, 64, 0, 64, 76
push-v-goal: 0, 0, 64, 0, 64, 0, 64, 0, 64, 77
push-v-goal: 0, 0, 64, 0, 64, 0, 64, 0, 64, 78
push-v-goal: 0, 0, 64, 0, 64, 0, 64, 0, 64, 79
push-h: 0, 0, 64, 0, 64, 0, 64, 0, 64, 80
push-v: 0, 0, 64, 0, 64, 0, 64, 0, 64, 80
push-h-goal: 0, 0, 64, 0, 64, 0, 64, 0, 64, 80
push-v-goal: 0, 0, 64, 0, 64, 0, 64, 0, 64, 80
push-h: 0, 0, 64, 0, 64, 0, 64, 0, 64, 81
push-h: 0, 0, 64, 0, 64, 0, 64, 0, 64, 82
push-h: 0, 0, 64, 0, 64, 0, 64, 0, 64, 83
push-h: 0, 0, 64, 0, 64, 0, 64, 0, 64, 84
push-h: 0, 0, 64, 0, 64, 0, 64, 0, 64, 85
push-h: 0, 0, 64, 0, 64, 0, 64, 0, 64, 86
push-v: 0, 0, 64, 0, 64, 0, 64, 0, 64, 81
push-v: 0, 0, 64, 0, 64, 0, 64, 0, 64, 82
push-v: 0, 0, 64, 0, 64, 0, 64, 0, 64, 83
push-v: 0, 0, 64, 0, 64, 0, 64, 0, 64, 84
push-v: 0, 0, 64, 0, 64, 0, 64, 0, 64, 85
push-v: 0, 0, 64, 0, 64, 0, 64, 0, 64, 86
push-h-goal: 0, 0, 64, 0, 64, 0, 64, 0, 64, 81
push-h-goal: 0, 0, 64, 0, 64, 0, 64, 0, 64, 82
push-h-goal: 0, 0, 64, 0, 64, 0, 64, 0, 64, 83
push-h-goal: 0, 0, 64, 0, 64, 0, 64, 0, 64, 84
push-h-goal: 0, 0, 64, 0, 64, 0, 64, 0, 64, 85
push-h-goal: 0, 0, 64, 0, 64, 0, 64, 0, 64, 86
push-v-goal: 0, 0, 64, 0, 64, 0, 64, 0, 64, 81
push-v-goal: 0, 0, 64, 0, 64, 0, 64, 0, 64, 82
push-v-goal: 0, 0, 64, 0, 64, 0, 64, 0, 64, 83
push-v-goal: 0, 0, 64, 0, 64, 0, 64, 0, 64, 84
push-v-goal: 0, 0, 64, 0, 64, 0, 64, 0, 64, 85
push-v-goal: 0, 0, 64, 0, 64, 0, 64, 0, 64, 86
push-h: 0, 0, 64, 0, 64, 0, 64, 0, 64, 87
push-h: 0, 0, 64, 0, 64, 0, 64, 0, 64, 88
push-h: 0, 0, 64, 0, 64, 0, 64, 0, 64, 89
push-h: 0, 0, 64, 0, 64, 0, 64, 0, 64, 90
push-h: 0, 0, 64, 0, 64, 0, 64, 0, 64, 91
push-h: 0, 0, 64, 0, 64, 0, 64, 0, 64, 92
push-v: 0, 0, 64, 0, 64, 0, 64, 0, 64, 87
push-v: 0, 0, 64, 0, 64, 0, 64, 0, 64, 88
push-v: 0, 0, 64, 0, 64, 0, 64, 0, 64, 89
push-v: 0, 0, 64, 0, 64, 0, 64, 0, 64, 90
push-v: 0, 0, 64, 0, 64, 0, 64, 0, 64, 91
push-v: 0, 0, 64, 0, 64, 0, 64, 0, 64, 92
push-h-goal: 0, 0, 64, 0, 64, 0, 64, 0, 64, 87
push-h-goal: 0, 0, 64, 0, 64, 0, 64, 0, 64, 88
push-h-goal: 0, 0, 64, 0, 64, 0, 64, 0, 64, 89
push-h-goal: 0, 0, 64, 0, 64, 0, 64, 0, 64, 90
push-h-goal: 0, 0, 64, 0, 64, 0, 64, 0, 64, 91
push-h-goal: 0, 0, 64, 0, 64, 0, 64, 0, 64, 92
push-v-goal: 0, 0, 64, 0, 64, 0, 64, 0, 64, 87
push-v-goal: 0, 0, 64, 0, 64, 0, 64, 0, 64, 88
push-v-goal: 0, 0, 64, 0, 64, 0, 64, 0, 64, 89
push-v-goal: 0, 0, 64, 0, 64, 0, 64, 0, 64, 90
push-v-goal: 0, 0, 64, 0, 64, 0, 64, 0, 64, 91
push-v-goal: 0, 0, 64, 0, 64, 0, 64, 0, 64, 92
push-h: 0, 0, 64, 0, 64, 0, 64, 0, 64, 93
push-h: 0, 0, 64, 0, 64, 0, 64, 0, 64, 94
push-h: 0, 0, 64, 0, 64, 0, 64, 0, 64, 95
push-h: 0, 0, 64, 0, 64, 0, 64, 0, 64, 96
push-h: 0, 0, 64, 0, 64, 0, 64, 0, 64, 97
push-h: 0, 0, 64, 0, 64, 0, 64, 0, 64, 98
push-v: 0, 0, 64, 0, 64, 0, 64, 0, 64, 93
push-v: 0, 0, 64, 0, 64, 0, 64, 0, 64, 94
push-v: 0, 0, 64, 0, 64, 0, 64, 0, 64, 95
push-v: 0, 0, 64, 0, 64, 0, 64, 0, 64, 96
push-v: 0, 0, 64, 0, 64, 0, 64, 0, 64, 97
push-v: 0, 0, 64, 0, 64, 0, 64, 0, 64, 98
push-h-goal: 0, 0, 64, 0, 64, 0, 64, 0, 64, 93
push-h-goal: 0, 0, 64, 0, 64, 0, 64, 0, 64, 94
push-h-goal: 0, 0, 64, 0, 64, 0, 64, 0, 64, 95
push-h-goal: 0, 0, 64, 0, 64, 0, 64, 0, 64, 96
push-h-goal: 0, 0, 64, 0, 64, 0, 64, 0, 64, 97
push-h-goal: 0, 0, 64, 0, 64, 0, 64, 0, 64, 98
push-v-goal: 0, 0, 64, 0, 64, 0, 64, 0, 64, 93
push-v-goal: 0, 0, 64, 0, 64, 0, 64, 0, 64, 94
push-v-goal: 0, 0, 64, 0, 64, 0, 64, 0, 64, 95
push-v-goal: 0, 0, 64, 0, 64, 0, 64, 0, 64, 96
push-v-goal: 0, 0, 64, 0, 64, 0, 64, 0, 64, 97
push-v-goal: 0, 0, 64, 0, 64, 0, 64, 0, 64, 98
push-h: 0, 0, 64, 0, 64, 0, 64, 0, 64, 99
push-v: 0, 0, 64, 0, 64, 0, 64, 0, 64, 99
push-h-goal: 0, 0, 64, 0, 64, 0, 64, 0, 64, 99
push-v-goal: 0, 0, 64, 0, 64, 0, 64, 0, 64, 99
push-h: 0, 0, 64, 0, 64, 0, 64, 0, 64, 100
push-h: 0, 0, 64, 0, 64, 0, 64, 0, 64, 101
push-h: 0, 0, 64, 0, 64, 0, 64, 0, 64, 102
push-h: 0, 0, 64, 0, 64, 0, 64, 0, 64, 103
push-h: 0, 0, 64, 0, 64, 0, 64, 0, 64, 104
push-h: 0, 0, 64, 0, 64, 0, 64, 0, 64, 105
push-v: 0, 0, 64, 0, 64, 0, 64, 0, 64, 100
push-v: 0, 0, 64, 0, 64, 0, 64, 0, 64, 101
push-v: 0, 0, 64, 0, 64, 0, 64, 0, 64, 102
push-v: 0, 0, 64, 0, 64, 0, 64, 0, 64, 103
push-v: 0, 0, 64, 0, 64, 0, 64, 0, 64, 104
push-v: 0, 0, 64, 0, 64, 0, 64, 0, 64, 105
push-h-goal: 0, 0, 64, 0, 64, 0, 64, 0, 64, 100
push-h-goal: 0, 0, 64, 0, 64, 0, 64, 0, 64, 101
push-h-goal: 0, 0, 64, 0, 64, 0, 64, 0, 64, 102
push-h-goal: 0, 0, 64, 0, 64, 0, 64, 0, 64, 103
push-h-goal: 0, 0, 64, 0, 64, 0, 64, 0, 64, 104
push-h-goal: 0, 0, 64, 0, 64, 0, 64, 0, 64, 105
push-v-goal: 0, 0, 64, 0, 64, 0, 64, 0, 64, 100
push-v-goal: 0, 0, 64, 0, 64, 0, 64, 0, 64, 101
push-v-goal: 0, 0, 64, 0, 64, 0, 64, 0, 64, 102
push-v-goal: 0, 0, 64, 0, 64, 0, 64, 0, 64, 103
push-v-goal: 0, 0, 64, 0, 64, 0, 64, 0, 64, 104
push-v-goal: 0, 0, 64, 0, 64, 0, 64, 0, 64, 105
push-h: 0, 0, 64, 0, 64, 0, 64, 0, 64, 106
push-v: 0, 0, 64, 0, 64, 0, 64, 0, 64, 106
push-h-goal: 0, 0, 64, 0, 64, 0, 64, 0, 64, 106
push-v-goal: 0, 0, 64, 0, 64, 0, 64, 0, 64, 106
move-h: 0, 0, 20, 0, 20, 0, 20, 0, 20, 1
move-h: 0, 0, 20, 0, 20, 0, 20, 0, 20, 2
move-v: 0, 0, 20, 0, 20, 0, 20, 0, 20, 1
move-v: 0, 0, 20, 0, 20, 0, 20, 0, 20, 2
move-h: 0, 0, 20, 0, 20, 0, 20, 0, 20, 3
move-h: 0, 0, 20, 0, 20, 0, 20, 0, 20, 4
move-v: 0, 0, 20, 0, 20, 0, 20, 0, 20, 3
move-v: 0, 0, 20, 0, 20, 0, 20, 0, 20, 4
move-h: 0, 0, 20, 0, 20, 0, 20, 0, 20, 5
move-h: 0, 0, 20, 0, 20, 0, 20, 0, 20, 6
move-v: 0, 0, 20, 0, 20, 0, 20, 0, 20, 5
move-v: 0, 0, 20, 0, 20, 0, 20, 0, 20, 6
move-h: 0, 0, 20, 0, 20, 0, 20, 0, 20, 7
move-h: 0, 0, 20, 0, 20, 0, 20, 0, 20, 8
move-v: 0, 0, 20, 0, 20, 0, 20, 0, 20, 7
move-v: 0, 0, 20, 0, 20, 0, 20, 0, 20, 8
move-h: 0, 0, 20, 0, 20, 0, 20, 0, 20, 9
move-v: 0, 0, 20, 0, 20, 0, 20, 0, 20, 9
move-h: 0, 0, 20, 0, 20, 0, 20, 0, 20, 10
move-h: 0, 0, 20, 0, 20, 0, 20, 0, 20, 11
move-v: 0, 0, 20, 0, 20, 0, 20, 0, 20, 10
move-v: 0, 0, 20, 0, 20, 0, 20, 0, 20, 11
move-h: 0, 0, 20, 0, 20, 0, 20, 0, 20, 12
move-v: 0, 0, 20, 0, 20, 0, 20, 0, 20, 12
move-h: 0, 0, 20, 0, 20, 0, 20, 0, 20, 13
move-h: 0, 0, 20, 0, 20, 0, 20, 0, 20, 14
move-v: 0, 0, 20, 0, 20, 0, 20, 0, 20, 13
move-v: 0, 0, 20, 0, 20, 0, 20, 0, 20, 14
move-h: 0, 0, 20, 0, 20, 0, 20, 0, 20, 15
move-h: 0, 0, 20, 0, 20, 0, 20, 0, 20, 16
move-v: 0, 0, 20, 0, 20, 0, 20, 0, 20, 15
move-v: 0, 0, 20, 0, 20, 0, 20, 0, 20, 16
move-h: 0, 0, 20, 0, 20, 0, 20, 0, 20, 17
move-v: 0, 0, 20, 0, 20, 0, 20, 0, 20, 17
move-h: 0, 2, 0, 2, 0, 1, 3, 0, 16, 3
push-h: 0, 0, 64, 0, 64, 0, 64, 0, 64, 107
push-h: 0, 0, 64, 0, 64, 0, 64, 0, 64, 108
push-h: 0, 0, 64, 0, 64, 0, 64, 0, 64, 109
push-h: 0, 0, 64, 0, 64, 0, 64, 0, 64, 110
push-h: 0, 0, 64, 0, 64, 0, 64, 0, 64, 111
push-h: 0, 0, 64, 0, 64, 0, 64, 0, 64, 112
push-v: 0, 0, 64, 0, 64, 0, 64, 0, 64, 107
push-v: 0, 0, 64, 0, 64, 0, 64, 0, 64, 108
push-v: 0, 0, 64, 0, 64, 0, 64, 0, 64, 109
push-v: 0, 0, 64, 0, 64, 0, 64, 0, 64, 110
push-v: 0, 0, 64, 0, 64, 0, 64, 0, 64, 111
push-v: 0, 0, 64, 0, 64, 0, 64, 0, 64, 112
push-h-goal: 0, 0, 64, 0, 64, 0, 64, 0, 64, 107
push-h-goal: 0, 0, 64, 0, 64, 0, 64, 0, 64, 108
push-h-goal: 0, 0, 64, 0, 64, 0, 64, 0, 64, 109
push-h-goal: 0, 0, 64, 0, 64, 0, 64, 0, 64, 110
push-h-goal: 0, 0, 64, 0, 64, 0, 64, 0, 64, 111
push-h-goal: 0, 0, 64, 0, 64, 0, 64, 0, 64, 112
push-v-goal: 0, 0, 64, 0, 64, 0, 64, 0, 64, 107
push-v-goal: 0, 0, 64, 0, 64, 0, 64, 0, 64, 108
push-v-goal: 0, 0, 64, 0, 64, 0, 64, 0, 64, 109
push-v-goal: 0, 0, 64, 0, 64, 0, 64, 0, 64, 110
push-v-goal: 0, 0, 64, 0, 64, 0, 64, 0, 64, 111
push-v-goal: 0, 0, 64, 0, 64, 0, 64, 0, 64, 112
push-h: 0, 0, 64, 0, 64, 0, 64, 0, 64, 113
push-h: 0, 0, 64, 0, 64, 0, 64, 0, 64, 114
push-h: 0, 0, 64, 0, 64, 0, 64, 0, 64, 115
push-h: 0, 0, 64, 0, 64, 0, 64, 0, 64, 116
push-h: 0, 0, 64, 0, 64, 0, 64, 0, 64, 117
push-h: 0, 0, 64, 0, 64, 0, 64, 0, 64, 118
push-v: 0, 0, 64, 0, 64, 0, 64, 0, 64, 113
push-v: 0, 0, 64, 0, 64, 0, 64, 0, 64, 114
push-v: 0, 0, 64, 0, 64, 0, 64, 0, 64, 115
push-v: 0, 0, 64, 0, 64, 0, 64, 0, 64, 116
push-v: 0, 0, 64, 0, 64, 0, 64, 0, 64, 117
push-v: 0, 0, 64, 0, 64, 0, 64, 0, 64, 118
push-h-goal: 0, 0, 64, 0, 64, 0, 64, 0, 64, 113
push-h-goal: 0, 0, 64, 0, 64, 0, 64, 0, 64, 114
push-h-goal: 0, 0, 64, 0, 64, 0, 64, 0, 64, 115
push-h-goal: 0, 0, 64, 0, 64, 0, 64, 0, 64, 116
push-h-goal: 0, 0, 64, 0, 64, 0, 64, 0, 64, 117
push-h-goal: 0, 0, 64, 0, 64, 0, 64, 0, 64, 118
push-v-goal: 0, 0, 64, 0, 64, 0, 64, 0, 64, 113
push-v-goal: 0, 0, 64, 0, 64, 0, 64, 0, 64, 114
push-v-goal: 0, 0, 64, 0, 64, 0, 64, 0, 64, 115
push-v-goal: 0, 0, 64, 0, 64, 0, 64, 0, 64, 116
push-v-goal: 0, 0, 64, 0, 64, 0, 64, 0, 64, 117
push-v-goal: 0, 0, 64, 0, 64, 0, 64, 0, 64, 118
push-h: 0, 3, 0, 3, 0, 0, 7, 0, 57, 118
push-v: 0, 0, 64, 0, 64, 0, 64, 0, 64, 119
push-v: 0, 0, 64, 0, 64, 0, 64, 0, 64, 120
push-v: 0, 0, 64, 0, 64, 0, 64, 0, 64, 121
push-v: 0, 0, 64, 0, 64, 0, 64, 0, 64, 122
push-v: 0, 0, 64, 0, 64, 0, 64, 0, 64, 123
push-v: 0, 0, 64, 0, 64, 0, 64, 0, 64, 124
push-h-goal: 0, 4, 0, 3, 0, 0, 8, 0, 56, 118
push-v: 1, 0, 64, 0, 64, 0, 64, 0, 64, 125
push-v: 1, 0, 64, 0, 64, 0, 64, 0, 64, 126
push-v: 1, 0, 64, 0, 64, 0, 64, 0, 64, 127
push-v: 1, 0, 64, 0, 64, 0, 64, 0, 64, 128
push-v: 1, 0, 64, 0, 64, 0, 64, 0, 64, 129
push-v: 1, 0, 64, 0, 64, 0, 64, 0, 64, 130
push-v-goal: 1, 0, 64, 0, 64, 0, 64, 0, 64, 119
push-v-goal: 1, 0, 64, 0, 64, 0, 64, 0, 64, 120
push-v-goal: 1, 0, 64, 0, 64, 0, 64, 0, 64, 121
push-v-goal: 1, 0, 64, 0, 64, 0, 64, 0, 64, 122
push-v-goal: 1, 0, 64, 0, 64, 0, 64, 0, 64, 123
push-v-goal: 1, 0, 64, 0, 64, 0, 64, 0, 64, 124
push-v: 1, 0, 64, 0, 64, 0, 64, 0, 64, 131
push-v: 1, 0, 64, 0, 64, 0, 64, 0, 64, 132
push-v: 1, 0, 64, 0, 64, 0, 64, 0, 64, 133
push-v: 1, 0, 64, 0, 64, 0, 64, 0, 64, 134
push-v: 1, 0, 64, 0, 64, 0, 64, 0, 64, 135
push-v: 1, 0, 64, 0, 64, 0, 64, 0, 64, 136
push-v-goal: 1, 0, 64, 0, 64, 0, 64, 0, 64, 125
push-v-goal: 1, 0, 64, 0, 64, 0, 64, 0, 64, 126
push-v-goal: 1, 0, 64, 0, 64, 0, 64, 0, 64, 127
push-v-goal: 1, 0, 64, 0, 64, 0, 64, 0, 64, 128
push-v-goal: 1, 0, 64, 0, 64, 0, 64, 0, 64, 129
push-v-goal: 1, 0, 64, 0, 64, 0, 64, 0, 64, 130
push-v: 1, 0, 64, 0, 64, 0, 64, 0, 64, 137
push-v: 1, 0, 64, 0, 64, 0, 64, 0, 64, 138
push-v: 1, 0, 64, 0, 64, 0, 64, 0, 64, 139
push-v: 1, 0, 64, 0, 64, 0, 64, 0, 64, 140
push-v: 1, 0, 64, 0, 64, 0, 64, 0, 64, 141
push-v: 1, 0, 64, 0, 64, 0, 64, 0, 64, 142
push-v-goal: 1, 0, 64, 0, 64, 0, 64, 0, 64, 131
push-v-goal: 1, 0, 64, 0, 64, 0, 64, 0, 64, 132
push-v-goal: 1, 0, 64, 0, 64, 0, 64, 0, 64, 133
push-v-goal: 1, 0, 64, 0, 64, 0, 64, 0, 64, 134
push-v-goal: 1, 0, 64, 0, 64, 0, 64, 0, 64, 135
push-v-goal: 1, 0, 64, 0, 64, 0, 64, 0, 64, 136
push-v: 1, 0, 64, 0, 64, 0, 64, 0, 64, 143
push-v: 1, 0, 64, 0, 64, 0, 64, 0, 64, 144
push-v: 1, 0, 64, 0, 64, 0, 64, 0, 64, 145
push-v: 1, 0, 64, 0, 64, 0, 64, 0, 64, 146
push-v: 1, 0, 64, 0, 64, 0, 64, 0, 64, 147
push-v: 1, 0, 64, 0, 64, 0, 64, 0, 64, 148
push-v-goal: 1, 0, 64, 0, 64, 0, 64, 0, 64, 137
push-v-goal: 1, 0, 64, 0, 64, 0, 64, 0, 64, 138
push-v-goal: 1, 0, 64, 0, 64, 0, 64, 0, 64, 139
push-v-goal: 1, 0, 64, 0, 64, 0, 64, 0, 64, 140
push-v-goal: 1, 0, 64, 0, 64, 0, 64, 0, 64, 141
push-v-goal: 1, 0, 64, 0, 64, 0, 64, 0, 64, 142
push-v: 1, 0, 64, 0, 64, 0, 64, 0, 64, 149
push-v: 1, 0, 64, 0, 64, 0, 64, 0, 64, 150
push-v: 1, 0, 64, 0, 64, 0, 64, 0, 64, 151
push-v: 1, 0, 64, 0, 64, 0, 64, 0, 64, 152
push-v: 1, 0, 64, 0, 64, 0, 64, 0, 64, 153
push-v: 1, 0, 64, 0, 64, 0, 64, 0, 64, 154
push-v-goal: 1, 0, 64, 0, 64, 0, 64, 0, 64, 143
push-v-goal: 1, 0, 64, 0, 64, 0, 64, 0, 64, 144
push-v-goal: 1, 0, 64, 0, 64, 0, 64, 0, 64, 145
push-v-goal: 1, 0, 64, 0, 64, 0, 64, 0, 64, 146
push-v-goal: 1, 0, 64, 0, 64, 0, 64, 0, 64, 147
push-v-goal: 1, 0, 64, 0, 64, 0, 64, 0, 64, 148
push-v: 1, 0, 64, 0, 64, 0, 64, 0, 64, 155
push-v: 1, 0, 64, 0, 64, 0, 64, 0, 64, 156
push-v: 1, 0, 64, 0, 64, 0, 64, 0, 64, 157
push-v: 1, 0, 64, 0, 64, 0, 64, 0, 64, 158
push-v: 1, 0, 64, 0, 64, 0, 64, 0, 64, 159
push-v: 1, 0, 64, 0, 64, 0, 64, 0, 64, 160
push-v-goal: 1, 0, 64, 0, 64, 0, 64, 0, 64, 149
push-v-goal: 1, 0, 64, 0, 64, 0, 64, 0, 64, 150
push-v-goal: 1, 0, 64, 0, 64, 0, 64, 0, 64, 151
push-v-goal: 1, 0, 64, 0, 64, 0, 64, 0, 64, 152
push-v-goal: 1, 0, 64, 0, 64, 0, 64, 0, 64, 153
push-v-goal: 1, 0, 64, 0, 64, 0, 64, 0, 64, 154
push-v: 1, 0, 64, 0, 64, 0, 64, 0, 64, 161
push-v: 1, 0, 64, 0, 64, 0, 64, 0, 64, 162
push-v: 1, 0, 64, 0, 64, 0, 64, 0, 64, 163
push-v-goal: 1, 0, 64, 0, 64, 0, 64, 0, 64, 155
push-v-goal: 1, 0, 64, 0, 64, 0, 64, 0, 64, 156
push-v-goal: 1, 0, 64, 0, 64, 0, 64, 0, 64, 157
push-v: 1, 0, 64, 0, 64, 0, 64, 0, 64, 164
push-v: 1, 0, 64, 0, 64, 0, 64, 0, 64, 165
push-v: 1, 0, 64, 0, 64, 0, 64, 0, 64, 166
push-v: 1, 0, 64, 0, 64, 0, 64, 0, 64, 167
push-v: 1, 0, 64, 0, 64, 0, 64, 0, 64, 168
push-v: 1, 0, 64, 0, 64, 0, 64, 0, 64, 169
push-v-goal: 1, 0, 64, 0, 64, 0, 64, 0, 64, 158
push-v-goal: 1, 0, 64, 0, 64, 0, 64, 0, 64, 159
push-v-goal: 1, 0, 64, 0, 64, 0, 64, 0, 64, 160
push-v-goal: 1, 0, 64, 0, 64, 0, 64, 0, 64, 161
push-v-goal: 1, 0, 64, 0, 64, 0, 64, 0, 64, 162
push-v-goal: 1, 0, 64, 0, 64, 0, 64, 0, 64, 163
push-v: 1, 0, 64, 0, 64, 0, 64, 0, 64, 170
push-v: 1, 0, 64, 0, 64, 0, 64, 0, 64, 171
push-v: 1, 0, 64, 0, 64, 0, 64, 0, 64, 172
push-v-goal: 1, 0, 64, 0, 64, 0, 64, 0, 64, 164
push-v-goal: 1, 0, 64, 0, 64, 0, 64, 0, 64, 165
push-v-goal: 1, 0, 64, 0, 64, 0, 64, 0, 64, 166
push-v: 1, 0, 64, 0, 64, 0, 64, 0, 64, 173
push-v: 1, 0, 64, 0, 64, 0, 64, 0, 64, 174
push-v: 1, 0, 64, 0, 64, 0, 64, 0, 64, 175
push-v: 1, 0, 64, 0, 64, 0, 64, 0, 64, 176
push-v: 1, 0, 64, 0, 64, 0, 64, 0, 64, 177
push-v: 1, 0, 64, 0, 64, 0, 64, 0, 64, 178
push-v-goal: 1, 0, 64, 0, 64, 0, 64, 0, 64, 167
push-v-goal: 1, 0, 64, 0, 64, 0, 64, 0, 64, 168
push-v-goal: 1, 0, 64, 0, 64, 0, 64, 0, 64, 169
push-v-goal: 1, 0, 64, 0, 64, 0, 64, 0, 64, 170
push-v-goal: 1, 0, 64, 0, 64, 0, 64, 0, 64, 171
push-v-goal: 1, 0, 64, 0, 64, 0, 64, 0, 64, 172
push-v: 1, 0, 64, 0, 64, 0, 64, 0, 64, 179
push-v: 1, 0, 64, 0, 64, 0, 64, 0, 64, 180
push-v: 1, 0, 64, 0, 64, 0, 64, 0, 64, 181
push-v: 1, 0, 64, 0, 64, 0, 64, 0, 64, 182
push-v: 1, 0, 64, 0, 64, 0, 64, 0, 64, 183
push-v: 1, 0, 64, 0, 64, 0, 64, 0, 64, 184
push-v-goal: 1, 0, 64, 0, 64, 0, 64, 0, 64, 173
push-v-goal: 1, 0, 64, 0, 64, 0, 64, 0, 64, 174
push-v-goal: 1, 0, 64, 0, 64, 0, 64, 0, 64, 175
push-v-goal: 1, 0, 64, 0, 64, 0, 64, 0, 64, 176
push-v-goal: 1, 0, 64, 0, 64, 0, 64, 0, 64, 177
push-v-goal: 1, 0, 64, 0, 64, 0, 64, 0, 64, 178
push-v: 1, 0, 64, 0, 64, 0, 64, 0, 64, 185
push-v: 1, 0, 64, 0, 64, 0, 64, 0, 64, 186
push-v: 1, 0, 64, 0, 64, 0, 64, 0, 64, 187
push-v: 1, 0, 64, 0, 64, 0, 64, 0, 64, 188
push-v: 1, 0, 64, 0, 64, 0, 64, 0, 64, 189
push-v: 1, 0, 64, 0, 64, 0, 64, 0, 64, 190
push-v-goal: 1, 0, 64, 0, 64, 0, 64, 0, 64, 179
push-v-goal: 1, 0, 64, 0, 64, 0, 64, 0, 64, 180
push-v-goal: 1, 0, 64, 0, 64, 0, 64, 0, 64, 181
push-v-goal: 1, 0, 64, 0, 64, 0, 64, 0, 64, 182
push-v-goal: 1, 0, 64, 0, 64, 0, 64, 0, 64, 183
push-v-goal: 1, 0, 64, 0, 64, 0, 64, 0, 64, 184
move-v: 1, 0, 20, 0, 20, 0, 20, 0, 20, 18
move-v: 1, 0, 20, 0, 20, 0, 20, 0, 20, 19
move-v: 1, 0, 20, 0, 20, 0, 20, 0, 20, 20
move-v: 1, 0, 20, 0, 20, 0, 20, 0, 20, 21
move-v: 1, 2, 0, 2, 0, 1, 3, 0, 16, 3
push-v: 1, 0, 64, 0, 64, 0, 64, 0, 64, 191
push-v: 1, 0, 64, 0, 64, 0, 64, 0, 64, 192
push-v: 1, 0, 64, 0, 64, 0, 64, 0, 64, 193
push-v: 1, 0, 64, 0, 64, 0, 64, 0, 64, 194
push-v: 1, 0, 64, 0, 64, 0, 64, 0, 64, 195
push-v: 1, 0, 64, 0, 64, 0, 64, 0, 64, 196
push-v-goal: 1, 0, 64, 0, 64, 0, 64, 0, 64, 185
push-v-goal: 1, 0, 64, 0, 64, 0, 64, 0, 64, 186
push-v-goal: 1, 0, 64, 0, 64, 0, 64, 0, 64, 187
push-v-goal: 1, 0, 64, 0, 64, 0, 64, 0, 64, 188
push-v-goal: 1, 0, 64, 0, 64, 0, 64, 0, 64, 189
push-v-goal: 1, 0, 64, 0, 64, 0, 64, 0, 64, 190
push-v: 1, 3, 0, 3, 0, 0, 7, 0, 57, 196
push-v-goal: 1, 4, 0, 3, 0, 0, 8, 0, 56, 190
push-v-goal: 2, 4, 0, 3, 0, 0, 8, 0, 56, 149
push-h-goal: 2, 4, 0, 3, 0, 0, 8, 0, 56, 98
push-h-goal: 2, 4, 0, 3, 0, 0, 8, 0, 56, 89
push-h-goal: 2, 4, 0, 3, 0, 0, 8, 0, 56, 85
push-h-goal: 2, 4, 0, 3, 0, 0, 8, 0, 56, 47
push-h-goal: 2, 4, 0, 3, 0, 0, 8, 0, 56, 35
push-h-goal: 2, 4, 0, 3, 0, 0, 8, 0, 56, 30
push-v-goal: 2, 4, 0, 3, 0, 0, 8, 0, 56, 134
push-v-goal: 2, 4, 0, 3, 0, 0, 8, 0, 56, 127
push-v-goal: 2, 4, 0, 3, 0, 0, 8, 0, 56, 64
push-v-goal: 2, 4, 0, 3, 0, 0, 8, 0, 56, 45
push-h-goal: 2, 4, 0, 3, 0, 1, 7, 0, 56, 17
push-v-goal: 2, 4, 0, 3, 0, 1, 7, 0, 56, 25
push-h: 2, 3, 0, 3, 0, 0, 7, 0, 57, 98
push-v: 2, 3, 0, 3, 0, 0, 7, 0, 57, 197
push-v: 2, 3, 0, 3, 0, 0, 7, 0, 57, 153
push-h: 2, 3, 0, 3, 0, 0, 7, 0, 57, 48
push-v: 2, 3, 0, 3, 0, 0, 7, 0, 57, 153
push-v: 2, 3, 0, 3, 0, 0, 7, 0, 57, 154
push-h: 2, 3, 0, 3, 0, 0, 7, 0, 57, 45
push-h: 2, 3, 0, 3, 0, 0, 7, 0, 57, 45
push-h: 2, 3, 0, 3, 0, 1, 6, 0, 57, 24
push-v: 2, 3, 0, 3, 0, 0, 7, 0, 57, 146
push-h: 2, 3, 0, 3, 0, 1, 6, 0, 57, 19
push-v: 2, 3, 0, 3, 0, 0, 7, 0, 57, 142
push-v: 2, 3, 0, 3, 0, 0, 7, 0, 57, 129
push-v: 2, 3, 0, 3, 0, 0, 7, 0, 57, 124
push-h: 2, 3, 0, 3, 0, 1, 6, 0, 57, 20
push-v: 2, 3, 0, 3, 0, 1, 6, 0, 57, 30
push-h: 2, 3, 0, 3, 0, 1, 6, 0, 57, 8
move-v: 2, 2, 0, 2, 0, 2, 2, 0, 16, 2
push-v: 2, 3, 0, 3, 0, 1, 6, 0, 57, 30
move-h: 2, 2, 0, 2, 0, 2, 2, 0, 16, 2
push-h: 2, 3, 0, 3, 0, 1, 6, 0, 57, 8
push-h-goal: 2, 4, 0, 3, 0, 1, 7, 0, 56, 17
push-h-goal: 2, 4, 0, 3, 0, 2, 6, 0, 56, 7
push-h-goal: 2, 4, 0, 3, 0, 2, 6, 0, 56, 5
push-h-goal: 2, 4, 0, 3, 0, 2, 6, 0, 56, 5
move-h: 2, 2, 0, 2, 0, 2, 2, 0, 16, 2
move-h: 2, 2, 0, 2, 0, 2, 2, 0, 16, 3
move-h: 2, 2, 0, 2, 0, 2, 2, 0, 16, 3
push-v: 2, 3, 0, 3, 0, 1, 6, 0, 57, 30
push-v: 2, 3, 0, 3, 0, 1, 6, 0, 57, 31
push-v-goal: 2, 4, 0, 3, 0, 1, 7, 0, 56, 25
