move-h: 20
move-v: 20
push-h: 64
push-v: 64
push-h-goal: 64
push-v-goal: 64
-- RUNNING --
push-h: 0, 0, 64, 0, 64, 0, 64, 0, 64, 1
push-h: 0, 0, 64, 0, 64, 0, 64, 0, 64, 2
push-h: 0, 0, 64, 0, 64, 0, 64, 0, 64, 3
push-h: 0, 0, 64, 0, 64, 0, 64, 0, 64, 4
push-h: 0, 0, 64, 0, 64, 0, 64, 0, 64, 5
push-h: 0, 0, 64, 0, 64, 0, 64, 0, 64, 6
push-v: 0, 0, 64, 0, 64, 0, 64, 0, 64, 1
push-v: 0, 0, 64, 0, 64, 0, 64, 0, 64, 2
push-v: 0, 0, 64, 0, 64, 0, 64, 0, 64, 3
push-v: 0, 0, 64, 0, 64, 0, 64, 0, 64, 4
push-v: 0, 0, 64, 0, 64, 0, 64, 0, 64, 5
push-v: 0, 3, 0, 3, 0, 0, 7, 0, 57, 5
push-h: 0, 0, 64, 0, 64, 0, 64, 0, 64, 7
push-h: 0, 0, 64, 0, 64, 0, 64, 0, 64, 8
push-h: 0, 0, 64, 0, 64, 0, 64, 0, 64, 9
push-h: 0, 0, 64, 0, 64, 0, 64, 0, 64, 10
push-h: 0, 0, 64, 0, 64, 0, 64, 0, 64, 11
push-h: 0, 0, 64, 0, 64, 0, 64, 0, 64, 12
push-h-goal: 0, 0, 64, 0, 64, 0, 64, 0, 64, 1
push-h-goal: 0, 0, 64, 0, 64, 0, 64, 0, 64, 2
push-h-goal: 0, 0, 64, 0, 64, 0, 64, 0, 64, 3
push-h-goal: 0, 0, 64, 0, 64, 0, 64, 0, 64, 4
push-h-goal: 0, 0, 64, 0, 64, 0, 64, 0, 64, 5
push-h-goal: 0, 0, 64, 0, 64, 0, 64, 0, 64, 6
push-v-goal: 0, 0, 64, 0, 64, 0, 64, 0, 64, 1
push-v-goal: 0, 0, 64, 0, 64, 0, 64, 0, 64, 2
push-v-goal: 0, 0, 64, 0, 64, 0, 64, 0, 64, 3
push-v-goal: 0, 0, 64, 0, 64, 0, 64, 0, 64, 4
push-v-goal: 0, 0, 64, 0, 64, 0, 64, 0, 64, 5
push-v-goal: 0, 0, 64, 0, 64, 0, 64, 0, 64, 6
push-h: 0, 0, 64, 0, 64, 0, 64, 0, 64, 13
push-h: 0, 0, 64, 0, 64, 0, 64, 0, 64, 14
push-h: 0, 0, 64, 0, 64, 0, 64, 0, 64, 15
push-h: 0, 0, 64, 0, 64, 0, 64, 0, 64, 16
push-h: 0, 0, 64, 0, 64, 0, 64, 0, 64, 17
push-h: 0, 0, 64, 0, 64, 0, 64, 0, 64, 18
push-h-goal: 0, 0, 64, 0, 64, 0, 64, 0, 64, 7
push-h-goal: 0, 0, 64, 0, 64, 0, 64, 0, 64, 8
push-h-goal: 0, 0, 64, 0, 64, 0, 64, 0, 64, 9
push-h-goal: 0, 0, 64, 0, 64, 0, 64, 0, 64, 10
push-h-goal: 0, 0, 64, 0, 64, 0, 64, 0, 64, 11
push-h-goal: 0, 0, 64, 0, 64, 0, 64, 0, 64, 12
push-v-goal: 0, 0, 64, 0, 64, 0, 64, 0, 64, 7
push-v-goal: 0, 0, 64, 0, 64, 0, 64, 0, 64, 8
push-v-goal: 0, 0, 64, 0, 64, 0, 64, 0, 64, 9
push-v-goal: 0, 0, 64, 0, 64, 0, 64, 0, 64, 10
push-v-goal: 0, 0, 64, 0, 64, 0, 64, 0, 64, 11
push-v-goal: 0, 0, 64, 0, 64, 0, 64, 0, 64, 12
push-h: 0, 0, 64, 0, 64, 0, 64, 0, 64, 19
push-h: 0, 0, 64, 0, 64, 0, 64, 0, 64, 20
push-h: 0, 0, 64, 0, 64, 0, 64, 0, 64, 21
push-h: 0, 0, 64, 0, 64, 0, 64, 0, 64, 22
push-h: 0, 0, 64, 0, 64, 0, 64, 0, 64, 23
push-h: 0, 0, 64, 0, 64, 0, 64, 0, 64, 24
push-h-goal: 0, 0, 64, 0, 64, 0, 64, 0, 64, 13
push-h-goal: 0, 0, 64, 0, 64, 0, 64, 0, 64, 14
push-h-goal: 0, 0, 64, 0, 64, 0, 64, 0, 64, 15
push-h-goal: 0, 0, 64, 0, 64, 0, 64, 0, 64, 16
push-h-goal: 0, 0, 64, 0, 64, 0, 64, 0, 64, 17
push-h-goal: 0, 0, 64, 0, 64, 0, 64, 0, 64, 18
push-v-goal: 0, 0, 64, 0, 64, 0, 64, 0, 64, 13
push-v-goal: 0, 0, 64, 0, 64, 0, 64, 0, 64, 14
push-v-goal: 0, 0, 64, 0, 64, 0, 64, 0, 64, 15
push-v-goal: 0, 0, 64, 0, 64, 0, 64, 0, 64, 16
push-v-goal: 0, 0, 64, 0, 64, 0, 64, 0, 64, 17
push-v-goal: 0, 0, 64, 0, 64, 0, 64, 0, 64, 18
push-h: 0, 0, 64, 0, 64, 0, 64, 0, 64, 25
push-h: 0, 0, 64, 0, 64, 0, 64, 0, 64, 26
push-h: 0, 0, 64, 0, 64, 0, 64, 0, 64, 27
push-h: 0, 0, 64, 0, 64, 0, 64, 0, 64, 28
push-h: 0, 0, 64, 0, 64, 0, 64, 0, 64, 29
push-h: 0, 0, 64, 0, 64, 0, 64, 0, 64, 30
push-h-goal: 0, 0, 64, 0, 64, 0, 64, 0, 64, 19
push-h-goal: 0, 0, 64, 0, 64, 0, 64, 0, 64, 20
push-h-goal: 0, 0, 64, 0, 64, 0, 64, 0, 64, 21
push-h-goal: 0, 0, 64, 0, 64, 0, 64, 0, 64, 22
push-h-goal: 0, 0, 64, 0, 64, 0, 64, 0, 64, 23
push-h-goal: 0, 0, 64, 0, 64, 0, 64, 0, 64, 24
push-v-goal: 0, 0, 64, 0, 64, 0, 64, 0, 64, 19
push-v-goal: 0, 0, 64, 0, 64, 0, 64, 0, 64, 20
push-v-goal: 0, 0, 64, 0, 64, 0, 64, 0, 64, 21
push-v-goal: 0, 0, 64, 0, 64, 0, 64, 0, 64, 22
push-v-goal: 0, 0, 64, 0, 64, 0, 64, 0, 64, 23
push-v-goal: 0, 0, 64, 0, 64, 0, 64, 0, 64, 24
push-h: 0, 0, 64, 0, 64, 0, 64, 0, 64, 31
push-h: 0, 0, 64, 0, 64, 0, 64, 0, 64, 32
push-h: 0, 0, 64, 0, 64, 0, 64, 0, 64, 33
push-h: 0, 0, 64, 0, 64, 0, 64, 0, 64, 34
push-h: 0, 0, 64, 0, 64, 0, 64, 0, 64, 35
push-h: 0, 0, 64, 0, 64, 0, 64, 0, 64, 36
push-h-goal: 0, 0, 64, 0, 64, 0, 64, 0, 64, 25
push-h-goal: 0, 0, 64, 0, 64, 0, 64, 0, 64, 26
push-h-goal: 0, 0, 64, 0, 64, 0, 64, 0, 64, 27
push-h-goal: 0, 0, 64, 0, 64, 0, 64, 0, 64, 28
push-h-goal: 0, 0, 64, 0, 64, 0, 64, 0, 64, 29
push-h-goal: 0, 0, 64, 0, 64, 0, 64, 0, 64, 30
push-v-goal: 0, 0, 64, 0, 64, 0, 64, 0, 64, 25
push-v-goal: 0, 0, 64, 0, 64, 0, 64, 0, 64, 26
push-v-goal: 0, 0, 64, 0, 64, 0, 64, 0, 64, 27
push-v-goal: 0, 0, 64, 0, 64, 0, 64, 0, 64, 28
push-v-goal: 0, 0, 64, 0, 64, 0, 64, 0, 64, 29
push-v-goal: 0, 0, 64, 0, 64, 0, 64, 0, 64, 30
push-h: 0, 0, 64, 0, 64, 0, 64, 0, 64, 37
push-h: 0, 0, 64, 0, 64, 0, 64, 0, 64, 38
push-h: 0, 0, 64, 0, 64, 0, 64, 0, 64, 39
push-h: 0, 0, 64, 0, 64, 0, 64, 0, 64, 40
push-h: 0, 0, 64, 0, 64, 0, 64, 0, 64, 41
push-h: 0, 0, 64, 0, 64, 0, 64, 0, 64, 42
push-h-goal: 0, 0, 64, 0, 64, 0, 64, 0, 64, 31
push-h-goal: 0, 0, 64, 0, 64, 0, 64, 0, 64, 32
push-h-goal: 0, 0, 64, 0, 64, 0, 64, 0, 64, 33
push-h-goal: 0, 0, 64, 0, 64, 0, 64, 0, 64, 34
push-h-goal: 0, 0, 64, 0, 64, 0, 64, 0, 64, 35
push-h-goal: 0, 0, 64, 0, 64, 0, 64, 0, 64, 36
push-v-goal: 0, 0, 64, 0, 64, 0, 64, 0, 64, 31
push-v-goal: 0, 0, 64, 0, 64, 0, 64, 0, 64, 32
push-v-goal: 0, 0, 64, 0, 64, 0, 64, 0, 64, 33
push-v-goal: 0, 0, 64, 0, 64, 0, 64, 0, 64, 34
push-v-goal: 0, 0, 64, 0, 64, 0, 64, 0, 64, 35
push-v-goal: 0, 0, 64, 0, 64, 0, 64, 0, 64, 36
push-h: 0, 0, 64, 0, 64, 0, 64, 0, 64, 43
push-h: 0, 0, 64, 0, 64, 0, 64, 0, 64, 44
push-h: 0, 0, 64, 0, 64, 0, 64, 0, 64, 45
push-h: 0, 0, 64, 0, 64, 0, 64, 0, 64, 46
push-h: 0, 0, 64, 0, 64, 0, 64, 0, 64, 47
push-h: 0, 0, 64, 0, 64, 0, 64, 0, 64, 48
push-h-goal: 0, 0, 64, 0, 64, 0, 64, 0, 64, 37
push-h-goal: 0, 0, 64, 0, 64, 0, 64, 0, 64, 38
push-h-goal: 0, 0, 64, 0, 64, 0, 64, 0, 64, 39
push-h-goal: 0, 0, 64, 0, 64, 0, 64, 0, 64, 40
push-h-goal: 0, 0, 64, 0, 64, 0, 64, 0, 64, 41
push-h-goal: 0, 0, 64, 0, 64, 0, 64, 0, 64, 42
push-v-goal: 0, 0, 64, 0, 64, 0, 64, 0, 64, 37
push-v-goal: 0, 0, 64, 0, 64, 0, 64, 0, 64, 38
push-v-goal: 0, 0, 64, 0, 64, 0, 64, 0, 64, 39
push-v-goal: 0, 0, 64, 0, 64, 0, 64, 0, 64, 40
push-v-goal: 0, 0, 64, 0, 64, 0, 64, 0, 64, 41
push-v-goal: 0, 0, 64, 0, 64, 0, 64, 0, 64, 42
push-h: 0, 0, 64, 0, 64, 0, 64, 0, 64, 49
push-h: 0, 0, 64, 0, 64, 0, 64, 0, 64, 50
push-h: 0, 0, 64, 0, 64, 0, 64, 0, 64, 51
push-h: 0, 0, 64, 0, 64, 0, 64, 0, 64, 52
push-h: 0, 0, 64, 0, 64, 0, 64, 0, 64, 53
push-h: 0, 0, 64, 0, 64, 0, 64, 0, 64, 54
push-h-goal: 0, 0, 64, 0, 64, 0, 64, 0, 64, 43
push-h-goal: 0, 0, 64, 0, 64, 0, 64, 0, 64, 44
push-h-goal: 0, 0, 64, 0, 64, 0, 64, 0, 64, 45
push-h-goal: 0, 0, 64, 0, 64, 0, 64, 0, 64, 46
push-h-goal: 0, 0, 64, 0, 64, 0, 64, 0, 64, 47
push-h-goal: 0, 0, 64, 0, 64, 0, 64, 0, 64, 48
push-v-goal: 0, 0, 64, 0, 64, 0, 64, 0, 64, 43
push-v-goal: 0, 0, 64, 0, 64, 0, 64, 0, 64, 44
push-v-goal: 0, 0, 64, 0, 64, 0, 64, 0, 64, 45
push-v-goal: 0, 0, 64, 0, 64, 0, 64, 0, 64, 46
push-v-goal: 0, 0, 64, 0, 64, 0, 64, 0, 64, 47
push-v-goal: 0, 0, 64, 0, 64, 0, 64, 0, 64, 48
push-h: 0, 0, 64, 0, 64, 0, 64, 0, 64, 55
push-h: 0, 0, 64, 0, 64, 0, 64, 0, 64, 56
push-h: 0, 0, 64, 0, 64, 0, 64, 0, 64, 57
push-h: 0, 0, 64, 0, 64, 0, 64, 0, 64, 58
push-h: 0, 0, 64, 0, 64, 0, 64, 0, 64, 59
push-h: 0, 0, 64, 0, 64, 0, 64, 0, 64, 60
push-h-goal: 0, 0, 64, 0, 64, 0, 64, 0, 64, 49
push-h-goal: 0, 0, 64, 0, 64, 0, 64, 0, 64, 50
push-h-goal: 0, 0, 64, 0, 64, 0, 64, 0, 64, 51
push-h-goal: 0, 0, 64, 0, 64, 0, 64, 0, 64, 52
push-h-goal: 0, 0, 64, 0, 64, 0, 64, 0, 64, 53
push-h-goal: 0, 0, 64, 0, 64, 0, 64, 0, 64, 54
push-v-goal: 0, 0, 64, 0, 64, 0, 64, 0, 64, 49
push-v-goal: 0, 0, 64, 0, 64, 0, 64, 0, 64, 50
push-v-goal: 0, 0, 64, 0, 64, 0, 64, 0, 64, 51
push-v-goal: 0, 0, 64, 0, 64, 0, 64, 0, 64, 52
push-v-goal: 0, 0, 64, 0, 64, 0, 64, 0, 64, 53
push-v-goal: 0, 0, 64, 0, 64, 0, 64, 0, 64, 54
push-h: 0, 0, 64, 0, 64, 0, 64, 0, 64, 61
push-h: 0, 0, 64, 0, 64, 0, 64, 0, 64, 62
push-h: 0, 0, 64, 0, 64, 0, 64, 0, 64, 63
push-h: 0, 0, 64, 0, 64, 0, 64, 0, 64, 64
push-h: 0, 0, 64, 0, 64, 0, 64, 0, 64, 65
push-h: 0, 0, 64, 0, 64, 0, 64, 0, 64, 66
push-h-goal: 0, 0, 64, 0, 64, 0, 64, 0, 64, 55
push-h-goal: 0, 0, 64, 0, 64, 0, 64, 0, 64, 56
push-h-goal: 0, 0, 64, 0, 64, 0, 64, 0, 64, 57
push-h-goal: 0, 0, 64, 0, 64, 0, 64, 0, 64, 58
push-h-goal: 0, 0, 64, 0, 64, 0, 64, 0, 64, 59
push-h-goal: 0, 0, 64, 0, 64, 0, 64, 0, 64, 60
push-v-goal: 0, 0, 64, 0, 64, 0, 64, 0, 64, 55
push-v-goal: 0, 0, 64, 0, 64, 0, 64, 0, 64, 56
push-v-goal: 0, 0, 64, 0, 64, 0, 64, 0, 64, 57
push-v-goal: 0, 0, 64, 0, 64, 0, 64, 0, 64, 58
push-v-goal: 0, 0, 64, 0, 64, 0, 64, 0, 64, 59
push-v-goal: 0, 0, 64, 0, 64, 0, 64, 0, 64, 60
push-h: 0, 0, 64, 0, 64, 0, 64, 0, 64, 67
push-h: 0, 0, 64, 0, 64, 0, 64, 0, 64, 68
push-h: 0, 0, 64, 0, 64, 0, 64, 0, 64, 69
push-h: 0, 0, 64, 0, 64, 0, 64, 0, 64, 70
push-h: 0, 0, 64, 0, 64, 0, 64, 0, 64, 71
push-h: 0, 0, 64, 0, 64, 0, 64, 0, 64, 72
push-h-goal: 0, 0, 64, 0, 64, 0, 64, 0, 64, 61
push-h-goal: 0, 0, 64, 0, 64, 0, 64, 0, 64, 62
push-h-goal: 0, 0, 64, 0, 64, 0, 64, 0, 64, 63
push-h-goal: 0, 0, 64, 0, 64, 0, 64, 0, 64, 64
push-h-goal: 0, 0, 64, 0, 64, 0, 64, 0, 64, 65
push-h-goal: 0, 0, 64, 0, 64, 0, 64, 0, 64, 66
push-v-goal: 0, 0, 64, 0, 64, 0, 64, 0, 64, 61
push-v-goal: 0, 0, 64, 0, 64, 0, 64, 0, 64, 62
push-v-goal: 0, 0, 64, 0, 64, 0, 64, 0, 64, 63
push-v-goal: 0, 0, 64, 0, 64, 0, 64, 0, 64, 64
push-v-goal: 0, 0, 64, 0, 64, 0, 64, 0, 64, 65
push-v-goal: 0, 0, 64, 0, 64, 0, 64, 0, 64, 66
push-h: 0, 0, 64, 0, 64, 0, 64, 0, 64, 73
push-h: 0, 0, 64, 0, 64, 0, 64, 0, 64, 74
push-h: 0, 0, 64, 0, 64, 0, 64, 0, 64, 75
push-h-goal: 0, 0, 64, 0, 64, 0, 64, 0, 64, 67
push-h-goal: 0, 0, 64, 0, 64, 0, 64, 0, 64, 68
push-h-goal: 0, 0, 64, 0, 64, 0, 64, 0, 64, 69
push-v-goal: 0, 0, 64, 0, 64, 0, 64, 0, 64, 67
push-v-goal: 0, 0, 64, 0, 64, 0, 64, 0, 64, 68
push-v-goal: 0, 0, 64, 0, 64, 0, 64, 0, 64, 69
push-h: 0, 0, 64, 0, 64, 0, 64, 0, 64, 76
push-h: 0, 0, 64, 0, 64, 0, 64, 0, 64, 77
push-h: 0, 0, 64, 0, 64, 0, 64, 0, 64, 78
push-h-goal: 0, 0, 64, 0, 64, 0, 64, 0, 64, 70
push-h-goal: 0, 0, 64, 0, 64, 0, 64, 0, 64, 71
push-h-goal: 0, 0, 64, 0, 64, 0, 64, 0, 64, 72
push-v-goal: 0, 0, 64, 0, 64, 0, 64, 0, 64, 70
push-v-goal: 0, 0, 64, 0, 64, 0, 64, 0, 64, 71
push-v-goal: 0, 0, 64, 0, 64, 0, 64, 0, 64, 72
push-h: 0, 0, 64, 0, 64, 0, 64, 0, 64, 79
push-h: 0, 0, 64, 0, 64, 0, 64, 0, 64, 80
push-h: 0, 0, 64, 0, 64, 0, 64, 0, 64, 81
push-h: 0, 0, 64, 0, 64, 0, 64, 0, 64, 82
push-h: 0, 0, 64, 0, 64, 0, 64, 0, 64, 83
push-h: 0, 0, 64, 0, 64, 0, 64, 0, 64, 84
push-h-goal: 0, 0, 64, 0, 64, 0, 64, 0, 64, 73
push-h-goal: 0, 0, 64, 0, 64, 0, 64, 0, 64, 74
push-h-goal: 0, 0, 64, 0, 64, 0, 64, 0, 64, 75
push-h-goal: 0, 0, 64, 0, 64, 0, 64, 0, 64, 76
push-h-goal: 0, 0, 64, 0, 64, 0, 64, 0, 64, 77
push-h-goal: 0, 0, 64, 0, 64, 0, 64, 0, 64, 78
push-v-goal: 0, 0, 64, 0, 64, 0, 64, 0, 64, 73
push-v-goal: 0, 0, 64, 0, 64, 0, 64, 0, 64, 74
push-v-goal: 0, 0, 64, 0, 64, 0, 64, 0, 64, 75
push-v-goal: 0, 0, 64, 0, 64, 0, 64, 0, 64, 76
push-v-goal: 0, 0, 64, 0, 64, 0, 64, 0, 64, 77
push-v-goal: 0, 0, 64, 0, 64, 0, 64, 0, 64, 78
push-h: 0, 0, 64, 0, 64, 0, 64, 0, 64, 85
push-h: 0, 0, 64, 0, 64, 0, 64, 0, 64, 86
push-h: 0, 0, 64, 0, 64, 0, 64, 0, 64, 87
push-h: 0, 0, 64, 0, 64, 0, 64, 0, 64, 88
push-h: 0, 0, 64, 0, 64, 0, 64, 0, 64, 89
push-h: 0, 0, 64, 0, 64, 0, 64, 0, 64, 90
push-h-goal: 0, 0, 64, 0, 64, 0, 64, 0, 64, 79
push-h-goal: 0, 0, 64, 0, 64, 0, 64, 0, 64, 80
push-h-goal: 0, 0, 64, 0, 64, 0, 64, 0, 64, 81
push-h-goal: 0, 0, 64, 0, 64, 0, 64, 0, 64, 82
push-h-goal: 0, 0, 64, 0, 64, 0, 64, 0, 64, 83
push-h-goal: 0, 0, 64, 0, 64, 0, 64, 0, 64, 84
push-v-goal: 0, 0, 64, 0, 64, 0, 64, 0, 64, 79
push-v-goal: 0, 0, 64, 0, 64, 0, 64, 0, 64, 80
push-v-goal: 0, 0, 64, 0, 64, 0, 64, 0, 64, 81
push-v-goal: 0, 0, 64, 0, 64, 0, 64, 0, 64, 82
push-v-goal: 0, 0, 64, 0, 64, 0, 64, 0, 64, 83
push-v-goal: 0, 0, 64, 0, 64, 0, 64, 0, 64, 84
push-h: 0, 0, 64, 0, 64, 0, 64, 0, 64, 91
push-h: 0, 0, 64, 0, 64, 0, 64, 0, 64, 92
push-h: 0, 0, 64, 0, 64, 0, 64, 0, 64, 93
push-h-goal: 0, 0, 64, 0, 64, 0, 64, 0, 64, 85
push-h-goal: 0, 0, 64, 0, 64, 0, 64, 0, 64, 86
push-h-goal: 0, 0, 64, 0, 64, 0, 64, 0, 64, 87
push-v-goal: 0, 0, 64, 0, 64, 0, 64, 0, 64, 85
push-v-goal: 0, 0, 64, 0, 64, 0, 64, 0, 64, 86
push-v-goal: 0, 0, 64, 0, 64, 0, 64, 0, 64, 87
push-h: 0, 0, 64, 0, 64, 0, 64, 0, 64, 94
push-h: 0, 0, 64, 0, 64, 0, 64, 0, 64, 95
push-h: 0, 0, 64, 0, 64, 0, 64, 0, 64, 96
push-h-goal: 0, 0, 64, 0, 64, 0, 64, 0, 64, 88
push-h-goal: 0, 0, 64, 0, 64, 0, 64, 0, 64, 89
push-h-goal: 0, 0, 64, 0, 64, 0, 64, 0, 64, 90
push-v-goal: 0, 0, 64, 0, 64, 0, 64, 0, 64, 88
push-v-goal: 0, 0, 64, 0, 64, 0, 64, 0, 64, 89
push-v-goal: 0, 0, 64, 0, 64, 0, 64, 0, 64, 90
push-h: 0, 0, 64, 0, 64, 0, 64, 0, 64, 97
push-h: 0, 0, 64, 0, 64, 0, 64, 0, 64, 98
push-h: 0, 0, 64, 0, 64, 0, 64, 0, 64, 99
push-h: 0, 0, 64, 0, 64, 0, 64, 0, 64, 100
push-h: 0, 0, 64, 0, 64, 0, 64, 0, 64, 101
push-h: 0, 0, 64, 0, 64, 0, 64, 0, 64, 102
push-h-goal: 0, 0, 64, 0, 64, 0, 64, 0, 64, 91
push-h-goal: 0, 0, 64, 0, 64, 0, 64, 0, 64, 92
push-h-goal: 0, 0, 64, 0, 64, 0, 64, 0, 64, 93
push-h-goal: 0, 0, 64, 0, 64, 0, 64, 0, 64, 94
push-h-goal: 0, 0, 64, 0, 64, 0, 64, 0, 64, 95
push-h-goal: 0, 0, 64, 0, 64, 0, 64, 0, 64, 96
push-v-goal: 0, 0, 64, 0, 64, 0, 64, 0, 64, 91
push-v-goal: 0, 0, 64, 0, 64, 0, 64, 0, 64, 92
push-v-goal: 0, 0, 64, 0, 64, 0, 64, 0, 64, 93
push-v-goal: 0, 0, 64, 0, 64, 0, 64, 0, 64, 94
push-v-goal: 0, 0, 64, 0, 64, 0, 64, 0, 64, 95
push-v-goal: 0, 0, 64, 0, 64, 0, 64, 0, 64, 96
push-h: 0, 0, 64, 0, 64, 0, 64, 0, 64, 103
push-h: 0, 0, 64, 0, 64, 0, 64, 0, 64, 104
push-h: 0, 0, 64, 0, 64, 0, 64, 0, 64, 105
push-h: 0, 0, 64, 0, 64, 0, 64, 0, 64, 106
push-h: 0, 0, 64, 0, 64, 0, 64, 0, 64, 107
push-h: 0, 0, 64, 0, 64, 0, 64, 0, 64, 108
push-h-goal: 0, 0, 64, 0, 64, 0, 64, 0, 64, 97
push-h-goal: 0, 0, 64, 0, 64, 0, 64, 0, 64, 98
push-h-goal: 0, 0, 64, 0, 64, 0, 64, 0, 64, 99
push-h-goal: 0, 0, 64, 0, 64, 0, 64, 0, 64, 100
push-h-goal: 0, 0, 64, 0, 64, 0, 64, 0, 64, 101
push-h-goal: 0, 0, 64, 0, 64, 0, 64, 0, 64, 102
push-v-goal: 0, 0, 64, 0, 64, 0, 64, 0, 64, 97
push-v-goal: 0, 0, 64, 0, 64, 0, 64, 0, 64, 98
push-v-goal: 0, 0, 64, 0, 64, 0, 64, 0, 64, 99
push-v-goal: 0, 0, 64, 0, 64, 0, 64, 0, 64, 100
push-v-goal: 0, 0, 64, 0, 64, 0, 64, 0, 64, 101
push-v-goal: 0, 0, 64, 0, 64, 0, 64, 0, 64, 102
push-h: 0, 0, 64, 0, 64, 0, 64, 0, 64, 109
push-h: 0, 0, 64, 0, 64, 0, 64, 0, 64, 110
push-h: 0, 0, 64, 0, 64, 0, 64, 0, 64, 111
push-h-goal: 0, 0, 64, 0, 64, 0, 64, 0, 64, 103
push-h-goal: 0, 0, 64, 0, 64, 0, 64, 0, 64, 104
push-h-goal: 0, 0, 64, 0, 64, 0, 64, 0, 64, 105
push-v-goal: 0, 0, 64, 0, 64, 0, 64, 0, 64, 103
push-v-goal: 0, 0, 64, 0, 64, 0, 64, 0, 64, 104
push-v-goal: 0, 0, 64, 0, 64, 0, 64, 0, 64, 105
push-h: 0, 0, 64, 0, 64, 0, 64, 0, 64, 112
push-h: 0, 0, 64, 0, 64, 0, 64, 0, 64, 113
push-h: 0, 0, 64, 0, 64, 0, 64, 0, 64, 114
push-h-goal: 0, 0, 64, 0, 64, 0, 64, 0, 64, 106
push-h-goal: 0, 0, 64, 0, 64, 0, 64, 0, 64, 107
push-h-goal: 0, 0, 64, 0, 64, 0, 64, 0, 64, 108
push-v-goal: 0, 0, 64, 0, 64, 0, 64, 0, 64, 106
push-v-goal: 0, 0, 64, 0, 64, 0, 64, 0, 64, 107
push-v-goal: 0, 0, 64, 0, 64, 0, 64, 0, 64, 108
push-h: 0, 0, 64, 0, 64, 0, 64, 0, 64, 115
push-h: 0, 0, 64, 0, 64, 0, 64, 0, 64, 116
push-h: 0, 0, 64, 0, 64, 0, 64, 0, 64, 117
push-h-goal: 0, 0, 64, 0, 64, 0, 64, 0, 64, 109
push-h-goal: 0, 0, 64, 0, 64, 0, 64, 0, 64, 110
push-h-goal: 0, 0, 64, 0, 64, 0, 64, 0, 64, 111
push-v-goal: 0, 0, 64, 0, 64, 0, 64, 0, 64, 109
push-v-goal: 0, 0, 64, 0, 64, 0, 64, 0, 64, 110
push-v-goal: 0, 0, 64, 0, 64, 0, 64, 0, 64, 111
push-h: 0, 0, 64, 0, 64, 0, 64, 0, 64, 118
push-h: 0, 0, 64, 0, 64, 0, 64, 0, 64, 119
push-h: 0, 0, 64, 0, 64, 0, 64, 0, 64, 120
push-h-goal: 0, 0, 64, 0, 64, 0, 64, 0, 64, 112
push-h-goal: 0, 0, 64, 0, 64, 0, 64, 0, 64, 113
push-h-goal: 0, 0, 64, 0, 64, 0, 64, 0, 64, 114
push-v-goal: 0, 0, 64, 0, 64, 0, 64, 0, 64, 112
push-v-goal: 0, 0, 64, 0, 64, 0, 64, 0, 64, 113
push-v-goal: 0, 0, 64, 0, 64, 0, 64, 0, 64, 114
push-h: 0, 0, 64, 0, 64, 0, 64, 0, 64, 121
push-h: 0, 0, 64, 0, 64, 0, 64, 0, 64, 122
push-h: 0, 0, 64, 0, 64, 0, 64, 0, 64, 123
push-h-goal: 0, 0, 64, 0, 64, 0, 64, 0, 64, 115
push-h-goal: 0, 0, 64, 0, 64, 0, 64, 0, 64, 116
push-h-goal: 0, 0, 64, 0, 64, 0, 64, 0, 64, 117
push-v-goal: 0, 0, 64, 0, 64, 0, 64, 0, 64, 115
push-v-goal: 0, 0, 64, 0, 64, 0, 64, 0, 64, 116
push-v-goal: 0, 0, 64, 0, 64, 0, 64, 0, 64, 117
push-h: 0, 0, 64, 0, 64, 0, 64, 0, 64, 124
push-h: 0, 0, 64, 0, 64, 0, 64, 0, 64, 125
push-h: 0, 0, 64, 0, 64, 0, 64, 0, 64, 126
push-h-goal: 0, 0, 64, 0, 64, 0, 64, 0, 64, 118
push-h-goal: 0, 0, 64, 0, 64, 0, 64, 0, 64, 119
push-h-goal: 0, 0, 64, 0, 64, 0, 64, 0, 64, 120
push-v-goal: 0, 0, 64, 0, 64, 0, 64, 0, 64, 118
push-v-goal: 0, 0, 64, 0, 64, 0, 64, 0, 64, 119
push-v-goal: 0, 0, 64, 0, 64, 0, 64, 0, 64, 120
push-h: 0, 0, 64, 0, 64, 0, 64, 0, 64, 127
push-h: 0, 0, 64, 0, 64, 0, 64, 0, 64, 128
push-h: 0, 0, 64, 0, 64, 0, 64, 0, 64, 129
push-h: 0, 0, 64, 0, 64, 0, 64, 0, 64, 130
push-h: 0, 0, 64, 0, 64, 0, 64, 0, 64, 131
push-h: 0, 0, 64, 0, 64, 0, 64, 0, 64, 132
push-h-goal: 0, 0, 64, 0, 64, 0, 64, 0, 64, 121
push-h-goal: 0, 0, 64, 0, 64, 0, 64, 0, 64, 122
push-h-goal: 0, 0, 64, 0, 64, 0, 64, 0, 64, 123
push-h-goal: 0, 0, 64, 0, 64, 0, 64, 0, 64, 124
push-h-goal: 0, 0, 64, 0, 64, 0, 64, 0, 64, 125
push-h-goal: 0, 0, 64, 0, 64, 0, 64, 0, 64, 126
push-v-goal: 0, 0, 64, 0, 64, 0, 64, 0, 64, 121
push-v-goal: 0, 0, 64, 0, 64, 0, 64, 0, 64, 122
push-v-goal: 0, 0, 64, 0, 64, 0, 64, 0, 64, 123
push-v-goal: 0, 0, 64, 0, 64, 0, 64, 0, 64, 124
push-v-goal: 0, 0, 64, 0, 64, 0, 64, 0, 64, 125
push-v-goal: 0, 0, 64, 0, 64, 0, 64, 0, 64, 126
push-h: 0, 0, 64, 0, 64, 0, 64, 0, 64, 133
push-h-goal: 0, 0, 64, 0, 64, 0, 64, 0, 64, 127
push-v-goal: 0, 0, 64, 0, 64, 0, 64, 0, 64, 127
push-h: 0, 0, 64, 0, 64, 0, 64, 0, 64, 134
push-h: 0, 0, 64, 0, 64, 0, 64, 0, 64, 135
push-h: 0, 0, 64, 0, 64, 0, 64, 0, 64, 136
push-h: 0, 0, 64, 0, 64, 0, 64, 0, 64, 137
push-h: 0, 0, 64, 0, 64, 0, 64, 0, 64, 138
push-h: 0, 0, 64, 0, 64, 0, 64, 0, 64, 139
push-h-goal: 0, 0, 64, 0, 64, 0, 64, 0, 64, 128
push-h-goal: 0, 0, 64, 0, 64, 0, 64, 0, 64, 129
push-h-goal: 0, 0, 64, 0, 64, 0, 64, 0, 64, 130
push-h-goal: 0, 0, 64, 0, 64, 0, 64, 0, 64, 131
push-h-goal: 0, 0, 64, 0, 64, 0, 64, 0, 64, 132
push-h-goal: 0, 0, 64, 0, 64, 0, 64, 0, 64, 133
push-v-goal: 0, 0, 64, 0, 64, 0, 64, 0, 64, 128
push-v-goal: 0, 0, 64, 0, 64, 0, 64, 0, 64, 129
push-v-goal: 0, 0, 64, 0, 64, 0, 64, 0, 64, 130
push-v-goal: 0, 0, 64, 0, 64, 0, 64, 0, 64, 131
push-v-goal: 0, 0, 64, 0, 64, 0, 64, 0, 64, 132
push-v-goal: 0, 4, 0, 3, 0, 0, 8, 0, 56, 132
push-h: 0, 0, 64, 0, 64, 0, 64, 0, 64, 140
push-h: 0, 0, 64, 0, 64, 0, 64, 0, 64, 141
push-h: 0, 0, 64, 0, 64, 0, 64, 0, 64, 142
push-h: 0, 0, 64, 0, 64, 0, 64, 0, 64, 143
push-h: 0, 0, 64, 0, 64, 0, 64, 0, 64, 144
push-h: 0, 0, 64, 0, 64, 0, 64, 0, 64, 145
push-h-goal: 0, 0, 64, 0, 64, 0, 64, 0, 64, 134
push-h-goal: 0, 0, 64, 0, 64, 0, 64, 0, 64, 135
push-h-goal: 0, 0, 64, 0, 64, 0, 64, 0, 64, 136
push-h-goal: 0, 0, 64, 0, 64, 0, 64, 0, 64, 137
push-h-goal: 0, 0, 64, 0, 64, 0, 64, 0, 64, 138
push-h-goal: 0, 0, 64, 0, 64, 0, 64, 0, 64, 139
push-h: 0, 0, 64, 0, 64, 0, 64, 0, 64, 146
push-h: 0, 0, 64, 0, 64, 0, 64, 0, 64, 147
push-h: 0, 0, 64, 0, 64, 0, 64, 0, 64, 148
push-h-goal: 0, 0, 64, 0, 64, 0, 64, 0, 64, 140
push-h-goal: 0, 0, 64, 0, 64, 0, 64, 0, 64, 141
push-h-goal: 0, 0, 64, 0, 64, 0, 64, 0, 64, 142
push-h: 0, 0, 64, 0, 64, 0, 64, 0, 64, 149
push-h: 0, 0, 64, 0, 64, 0, 64, 0, 64, 150
push-h: 0, 0, 64, 0, 64, 0, 64, 0, 64, 151
push-h: 0, 0, 64, 0, 64, 0, 64, 0, 64, 152
push-h: 0, 0, 64, 0, 64, 0, 64, 0, 64, 153
push-h: 0, 0, 64, 0, 64, 0, 64, 0, 64, 154
push-h-goal: 0, 0, 64, 0, 64, 0, 64, 0, 64, 143
push-h-goal: 0, 0, 64, 0, 64, 0, 64, 0, 64, 144
push-h-goal: 0, 0, 64, 0, 64, 0, 64, 0, 64, 145
push-h-goal: 0, 0, 64, 0, 64, 0, 64, 0, 64, 146
push-h-goal: 0, 0, 64, 0, 64, 0, 64, 0, 64, 147
push-h-goal: 0, 0, 64, 0, 64, 0, 64, 0, 64, 148
push-h: 0, 0, 64, 0, 64, 0, 64, 0, 64, 155
push-h: 0, 0, 64, 0, 64, 0, 64, 0, 64, 156
push-h: 0, 0, 64, 0, 64, 0, 64, 0, 64, 157
push-h-goal: 0, 0, 64, 0, 64, 0, 64, 0, 64, 149
push-h-goal: 0, 0, 64, 0, 64, 0, 64, 0, 64, 150
push-h-goal: 0, 0, 64, 0, 64, 0, 64, 0, 64, 151
push-h: 0, 0, 64, 0, 64, 0, 64, 0, 64, 158
push-h: 0, 0, 64, 0, 64, 0, 64, 0, 64, 159
push-h: 0, 0, 64, 0, 64, 0, 64, 0, 64, 160
push-h-goal: 0, 0, 64, 0, 64, 0, 64, 0, 64, 152
push-h-goal: 0, 0, 64, 0, 64, 0, 64, 0, 64, 153
push-h-goal: 0, 0, 64, 0, 64, 0, 64, 0, 64, 154
push-h: 0, 0, 64, 0, 64, 0, 64, 0, 64, 161
push-h: 0, 0, 64, 0, 64, 0, 64, 0, 64, 162
push-h: 0, 0, 64, 0, 64, 0, 64, 0, 64, 163
push-h-goal: 0, 0, 64, 0, 64, 0, 64, 0, 64, 155
push-h-goal: 0, 0, 64, 0, 64, 0, 64, 0, 64, 156
push-h-goal: 0, 0, 64, 0, 64, 0, 64, 0, 64, 157
push-h: 0, 0, 64, 0, 64, 0, 64, 0, 64, 164
push-h: 0, 0, 64, 0, 64, 0, 64, 0, 64, 165
push-h: 0, 0, 64, 0, 64, 0, 64, 0, 64, 166
push-h: 0, 0, 64, 0, 64, 0, 64, 0, 64, 167
push-h: 0, 0, 64, 0, 64, 0, 64, 0, 64, 168
push-h: 0, 0, 64, 0, 64, 0, 64, 0, 64, 169
push-h-goal: 0, 0, 64, 0, 64, 0, 64, 0, 64, 158
push-h-goal: 0, 0, 64, 0, 64, 0, 64, 0, 64, 159
push-h-goal: 0, 0, 64, 0, 64, 0, 64, 0, 64, 160
push-h-goal: 0, 0, 64, 0, 64, 0, 64, 0, 64, 161
push-h-goal: 0, 0, 64, 0, 64, 0, 64, 0, 64, 162
push-h-goal: 0, 0, 64, 0, 64, 0, 64, 0, 64, 163
push-h: 0, 0, 64, 0, 64, 0, 64, 0, 64, 170
push-h: 0, 0, 64, 0, 64, 0, 64, 0, 64, 171
push-h: 0, 0, 64, 0, 64, 0, 64, 0, 64, 172
push-h: 0, 0, 64, 0, 64, 0, 64, 0, 64, 173
push-h: 0, 0, 64, 0, 64, 0, 64, 0, 64, 174
push-h: 0, 0, 64, 0, 64, 0, 64, 0, 64, 175
push-h-goal: 0, 0, 64, 0, 64, 0, 64, 0, 64, 164
push-h-goal: 0, 0, 64, 0, 64, 0, 64, 0, 64, 165
push-h-goal: 0, 0, 64, 0, 64, 0, 64, 0, 64, 166
push-h-goal: 0, 0, 64, 0, 64, 0, 64, 0, 64, 167
push-h-goal: 0, 0, 64, 0, 64, 0, 64, 0, 64, 168
push-h-goal: 0, 0, 64, 0, 64, 0, 64, 0, 64, 169
push-h: 0, 0, 64, 0, 64, 0, 64, 0, 64, 176
push-h: 0, 0, 64, 0, 64, 0, 64, 0, 64, 177
push-h: 0, 0, 64, 0, 64, 0, 64, 0, 64, 178
push-h-goal: 0, 0, 64, 0, 64, 0, 64, 0, 64, 170
push-h-goal: 0, 0, 64, 0, 64, 0, 64, 0, 64, 171
push-h-goal: 0, 0, 64, 0, 64, 0, 64, 0, 64, 172
push-h: 0, 0, 64, 0, 64, 0, 64, 0, 64, 179
push-h: 0, 0, 64, 0, 64, 0, 64, 0, 64, 180
push-h: 0, 0, 64, 0, 64, 0, 64, 0, 64, 181
push-h: 0, 0, 64, 0, 64, 0, 64, 0, 64, 182
push-h: 0, 0, 64, 0, 64, 0, 64, 0, 64, 183
push-h: 0, 0, 64, 0, 64, 0, 64, 0, 64, 184
push-h-goal: 0, 0, 64, 0, 64, 0, 64, 0, 64, 173
push-h-goal: 0, 0, 64, 0, 64, 0, 64, 0, 64, 174
push-h-goal: 0, 0, 64, 0, 64, 0, 64, 0, 64, 175
push-h-goal: 0, 0, 64, 0, 64, 0, 64, 0, 64, 176
push-h-goal: 0, 0, 64, 0, 64, 0, 64, 0, 64, 177
push-h-goal: 0, 0, 64, 0, 64, 0, 64, 0, 64, 178
push-h: 0, 0, 64, 0, 64, 0, 64, 0, 64, 185
push-h: 0, 0, 64, 0, 64, 0, 64, 0, 64, 186
push-h: 0, 0, 64, 0, 64, 0, 64, 0, 64, 187
push-h-goal: 0, 0, 64, 0, 64, 0, 64, 0, 64, 179
push-h-goal: 0, 0, 64, 0, 64, 0, 64, 0, 64, 180
push-h-goal: 0, 0, 64, 0, 64, 0, 64, 0, 64, 181
push-h: 0, 0, 64, 0, 64, 0, 64, 0, 64, 188
push-h: 0, 0, 64, 0, 64, 0, 64, 0, 64, 189
push-h: 0, 0, 64, 0, 64, 0, 64, 0, 64, 190
push-h: 0, 0, 64, 0, 64, 0, 64, 0, 64, 191
push-h: 0, 0, 64, 0, 64, 0, 64, 0, 64, 192
push-h: 0, 0, 64, 0, 64, 0, 64, 0, 64, 193
push-h-goal: 0, 0, 64, 0, 64, 0, 64, 0, 64, 182
push-h-goal: 0, 0, 64, 0, 64, 0, 64, 0, 64, 183
push-h-goal: 0, 0, 64, 0, 64, 0, 64, 0, 64, 184
push-h-goal: 0, 0, 64, 0, 64, 0, 64, 0, 64, 185
push-h-goal: 0, 0, 64, 0, 64, 0, 64, 0, 64, 186
push-h-goal: 0, 0, 64, 0, 64, 0, 64, 0, 64, 187
push-h: 0, 0, 64, 0, 64, 0, 64, 0, 64, 194
push-h: 0, 0, 64, 0, 64, 0, 64, 0, 64, 195
push-h: 0, 0, 64, 0, 64, 0, 64, 0, 64, 196
push-h-goal: 0, 0, 64, 0, 64, 0, 64, 0, 64, 188
push-h-goal: 0, 0, 64, 0, 64, 0, 64, 0, 64, 189
push-h-goal: 0, 0, 64, 0, 64, 0, 64, 0, 64, 190
push-h: 0, 0, 64, 0, 64, 0, 64, 0, 64, 197
push-h: 0, 0, 64, 0, 64, 0, 64, 0, 64, 198
push-h: 0, 0, 64, 0, 64, 0, 64, 0, 64, 199
push-h: 0, 0, 64, 0, 64, 0, 64, 0, 64, 200
push-h: 0, 0, 64, 0, 64, 0, 64, 0, 64, 201
push-h: 0, 0, 64, 0, 64, 0, 64, 0, 64, 202
push-h-goal: 0, 0, 64, 0, 64, 0, 64, 0, 64, 191
push-h-goal: 0, 0, 64, 0, 64, 0, 64, 0, 64, 192
push-h-goal: 0, 0, 64, 0, 64, 0, 64, 0, 64, 193
push-h-goal: 0, 0, 64, 0, 64, 0, 64, 0, 64, 194
push-h-goal: 0, 0, 64, 0, 64, 0, 64, 0, 64, 195
push-h-goal: 0, 0, 64, 0, 64, 0, 64, 0, 64, 196
push-h: 0, 0, 64, 0, 64, 0, 64, 0, 64, 203
push-h: 0, 0, 64, 0, 64, 0, 64, 0, 64, 204
push-h: 0, 0, 64, 0, 64, 0, 64, 0, 64, 205
push-h-goal: 0, 0, 64, 0, 64, 0, 64, 0, 64, 197
push-h-goal: 0, 0, 64, 0, 64, 0, 64, 0, 64, 198
push-h-goal: 0, 0, 64, 0, 64, 0, 64, 0, 64, 199
push-h: 0, 0, 64, 0, 64, 0, 64, 0, 64, 206
push-h: 0, 0, 64, 0, 64, 0, 64, 0, 64, 207
push-h: 0, 0, 64, 0, 64, 0, 64, 0, 64, 208
push-h: 0, 0, 64, 0, 64, 0, 64, 0, 64, 209
push-h: 0, 0, 64, 0, 64, 0, 64, 0, 64, 210
push-h: 0, 0, 64, 0, 64, 0, 64, 0, 64, 211
push-h-goal: 0, 0, 64, 0, 64, 0, 64, 0, 64, 200
push-h-goal: 0, 0, 64, 0, 64, 0, 64, 0, 64, 201
push-h-goal: 0, 0, 64, 0, 64, 0, 64, 0, 64, 202
push-h-goal: 0, 0, 64, 0, 64, 0, 64, 0, 64, 203
push-h-goal: 0, 0, 64, 0, 64, 0, 64, 0, 64, 204
push-h-goal: 0, 0, 64, 0, 64, 0, 64, 0, 64, 205
push-h: 0, 0, 64, 0, 64, 0, 64, 0, 64, 212
push-h: 0, 0, 64, 0, 64, 0, 64, 0, 64, 213
push-h: 0, 0, 64, 0, 64, 0, 64, 0, 64, 214
push-h: 0, 0, 64, 0, 64, 0, 64, 0, 64, 215
push-h: 0, 0, 64, 0, 64, 0, 64, 0, 64, 216
push-h: 0, 0, 64, 0, 64, 0, 64, 0, 64, 217
push-h-goal: 0, 0, 64, 0, 64, 0, 64, 0, 64, 206
push-h-goal: 0, 0, 64, 0, 64, 0, 64, 0, 64, 207
push-h-goal: 0, 0, 64, 0, 64, 0, 64, 0, 64, 208
push-h-goal: 0, 0, 64, 0, 64, 0, 64, 0, 64, 209
push-h-goal: 0, 0, 64, 0, 64, 0, 64, 0, 64, 210
push-h-goal: 0, 0, 64, 0, 64, 0, 64, 0, 64, 211
push-h: 0, 0, 64, 0, 64, 0, 64, 0, 64, 218
push-h: 0, 0, 64, 0, 64, 0, 64, 0, 64, 219
push-h: 0, 0, 64, 0, 64, 0, 64, 0, 64, 220
push-h: 0, 0, 64, 0, 64, 0, 64, 0, 64, 221
push-h: 0, 0, 64, 0, 64, 0, 64, 0, 64, 222
push-h: 0, 0, 64, 0, 64, 0, 64, 0, 64, 223
push-h-goal: 0, 0, 64, 0, 64, 0, 64, 0, 64, 212
push-h-goal: 0, 0, 64, 0, 64, 0, 64, 0, 64, 213
push-h-goal: 0, 0, 64, 0, 64, 0, 64, 0, 64, 214
push-h-goal: 0, 0, 64, 0, 64, 0, 64, 0, 64, 215
push-h-goal: 0, 0, 64, 0, 64, 0, 64, 0, 64, 216
push-h-goal: 0, 0, 64, 0, 64, 0, 64, 0, 64, 217
push-h: 0, 0, 64, 0, 64, 0, 64, 0, 64, 224
push-h: 0, 0, 64, 0, 64, 0, 64, 0, 64, 225
push-h: 0, 0, 64, 0, 64, 0, 64, 0, 64, 226
push-h: 0, 0, 64, 0, 64, 0, 64, 0, 64, 227
push-h: 0, 0, 64, 0, 64, 0, 64, 0, 64, 228
push-h: 0, 0, 64, 0, 64, 0, 64, 0, 64, 229
push-h-goal: 0, 0, 64, 0, 64, 0, 64, 0, 64, 218
push-h-goal: 0, 0, 64, 0, 64, 0, 64, 0, 64, 219
push-h-goal: 0, 0, 64, 0, 64, 0, 64, 0, 64, 220
push-h-goal: 0, 0, 64, 0, 64, 0, 64, 0, 64, 221
push-h-goal: 0, 0, 64, 0, 64, 0, 64, 0, 64, 222
push-h-goal: 0, 0, 64, 0, 64, 0, 64, 0, 64, 223
push-h: 0, 0, 64, 0, 64, 0, 64, 0, 64, 230
push-h: 0, 0, 64, 0, 64, 0, 64, 0, 64, 231
push-h: 0, 0, 64, 0, 64, 0, 64, 0, 64, 232
push-h: 0, 0, 64, 0, 64, 0, 64, 0, 64, 233
push-h: 0, 0, 64, 0, 64, 0, 64, 0, 64, 234
push-h: 0, 0, 64, 0, 64, 0, 64, 0, 64, 235
push-h-goal: 0, 0, 64, 0, 64, 0, 64, 0, 64, 224
push-h-goal: 0, 0, 64, 0, 64, 0, 64, 0, 64, 225
push-h-goal: 0, 0, 64, 0, 64, 0, 64, 0, 64, 226
push-h-goal: 0, 0, 64, 0, 64, 0, 64, 0, 64, 227
push-h-goal: 0, 0, 64, 0, 64, 0, 64, 0, 64, 228
push-h-goal: 0, 0, 64, 0, 64, 0, 64, 0, 64, 229
push-h: 0, 0, 64, 0, 64, 0, 64, 0, 64, 236
push-h: 0, 0, 64, 0, 64, 0, 64, 0, 64, 237
push-h: 0, 0, 64, 0, 64, 0, 64, 0, 64, 238
push-h: 0, 0, 64, 0, 64, 0, 64, 0, 64, 239
push-h: 0, 0, 64, 0, 64, 0, 64, 0, 64, 240
push-h: 0, 0, 64, 0, 64, 0, 64, 0, 64, 241
push-h-goal: 0, 0, 64, 0, 64, 0, 64, 0, 64, 230
push-h-goal: 0, 0, 64, 0, 64, 0, 64, 0, 64, 231
push-h-goal: 0, 0, 64, 0, 64, 0, 64, 0, 64, 232
push-h-goal: 0, 0, 64, 0, 64, 0, 64, 0, 64, 233
push-h-goal: 0, 0, 64, 0, 64, 0, 64, 0, 64, 234
push-h-goal: 0, 0, 64, 0, 64, 0, 64, 0, 64, 235
push-h: 0, 0, 64, 0, 64, 0, 64, 0, 64, 242
push-h: 0, 0, 64, 0, 64, 0, 64, 0, 64, 243
push-h: 0, 0, 64, 0, 64, 0, 64, 0, 64, 244
push-h: 0, 0, 64, 0, 64, 0, 64, 0, 64, 245
push-h: 0, 0, 64, 0, 64, 0, 64, 0, 64, 246
push-h: 0, 0, 64, 0, 64, 0, 64, 0, 64, 247
push-h-goal: 0, 0, 64, 0, 64, 0, 64, 0, 64, 236
push-h-goal: 0, 0, 64, 0, 64, 0, 64, 0, 64, 237
push-h-goal: 0, 0, 64, 0, 64, 0, 64, 0, 64, 238
push-h-goal: 0, 0, 64, 0, 64, 0, 64, 0, 64, 239
push-h-goal: 0, 0, 64, 0, 64, 0, 64, 0, 64, 240
push-h-goal: 0, 0, 64, 0, 64, 0, 64, 0, 64, 241
push-h: 0, 0, 64, 0, 64, 0, 64, 0, 64, 248
push-h: 0, 0, 64, 0, 64, 0, 64, 0, 64, 249
push-h: 0, 0, 64, 0, 64, 0, 64, 0, 64, 250
push-h: 0, 0, 64, 0, 64, 0, 64, 0, 64, 251
push-h: 0, 0, 64, 0, 64, 0, 64, 0, 64, 252
push-h: 0, 0, 64, 0, 64, 0, 64, 0, 64, 253
push-h-goal: 0, 0, 64, 0, 64, 0, 64, 0, 64, 242
push-h-goal: 0, 0, 64, 0, 64, 0, 64, 0, 64, 243
push-h-goal: 0, 0, 64, 0, 64, 0, 64, 0, 64, 244
push-h-goal: 0, 0, 64, 0, 64, 0, 64, 0, 64, 245
push-h-goal: 0, 0, 64, 0, 64, 0, 64, 0, 64, 246
push-h-goal: 0, 0, 64, 0, 64, 0, 64, 0, 64, 247
push-h: 0, 0, 64, 0, 64, 0, 64, 0, 64, 254
push-h: 0, 0, 64, 0, 64, 0, 64, 0, 64, 255
push-h: 0, 0, 64, 0, 64, 0, 64, 0, 64, 256
push-h: 0, 0, 64, 0, 64, 0, 64, 0, 64, 257
push-h: 0, 0, 64, 0, 64, 0, 64, 0, 64, 258
push-h: 0, 0, 64, 0, 64, 0, 64, 0, 64, 259
push-h-goal: 0, 0, 64, 0, 64, 0, 64, 0, 64, 248
push-h-goal: 0, 0, 64, 0, 64, 0, 64, 0, 64, 249
push-h-goal: 0, 0, 64, 0, 64, 0, 64, 0, 64, 250
push-h-goal: 0, 0, 64, 0, 64, 0, 64, 0, 64, 251
push-h-goal: 0, 0, 64, 0, 64, 0, 64, 0, 64, 252
push-h-goal: 0, 0, 64, 0, 64, 0, 64, 0, 64, 253
push-h: 0, 0, 64, 0, 64, 0, 64, 0, 64, 260
push-h: 0, 0, 64, 0, 64, 0, 64, 0, 64, 261
push-h: 0, 0, 64, 0, 64, 0, 64, 0, 64, 262
push-h: 0, 0, 64, 0, 64, 0, 64, 0, 64, 263
push-h: 0, 0, 64, 0, 64, 0, 64, 0, 64, 264
push-h: 0, 0, 64, 0, 64, 0, 64, 0, 64, 265
push-h-goal: 0, 0, 64, 0, 64, 0, 64, 0, 64, 254
push-h-goal: 0, 0, 64, 0, 64, 0, 64, 0, 64, 255
push-h-goal: 0, 0, 64, 0, 64, 0, 64, 0, 64, 256
push-h-goal: 0, 0, 64, 0, 64, 0, 64, 0, 64, 257
push-h-goal: 0, 0, 64, 0, 64, 0, 64, 0, 64, 258
push-h-goal: 0, 0, 64, 0, 64, 0, 64, 0, 64, 259
push-h: 0, 0, 64, 0, 64, 0, 64, 0, 64, 266
push-h: 0, 0, 64, 0, 64, 0, 64, 0, 64, 267
push-h: 0, 0, 64, 0, 64, 0, 64, 0, 64, 268
push-h: 0, 0, 64, 0, 64, 0, 64, 0, 64, 269
push-h: 0, 0, 64, 0, 64, 0, 64, 0, 64, 270
push-h: 0, 0, 64, 0, 64, 0, 64, 0, 64, 271
push-h-goal: 0, 0, 64, 0, 64, 0, 64, 0, 64, 260
push-h-goal: 0, 0, 64, 0, 64, 0, 64, 0, 64, 261
push-h-goal: 0, 0, 64, 0, 64, 0, 64, 0, 64, 262
push-h-goal: 0, 0, 64, 0, 64, 0, 64, 0, 64, 263
push-h-goal: 0, 0, 64, 0, 64, 0, 64, 0, 64, 264
push-h-goal: 0, 0, 64, 0, 64, 0, 64, 0, 64, 265
push-h: 0, 0, 64, 0, 64, 0, 64, 0, 64, 272
push-h-goal: 0, 0, 64, 0, 64, 0, 64, 0, 64, 266
push-h: 0, 0, 64, 0, 64, 0, 64, 0, 64, 273
push-h: 0, 0, 64, 0, 64, 0, 64, 0, 64, 274
push-h: 0, 0, 64, 0, 64, 0, 64, 0, 64, 275
push-h: 0, 0, 64, 0, 64, 0, 64, 0, 64, 276
push-h: 0, 0, 64, 0, 64, 0, 64, 0, 64, 277
push-h: 0, 0, 64, 0, 64, 0, 64, 0, 64, 278
push-h-goal: 0, 0, 64, 0, 64, 0, 64, 0, 64, 267
push-h-goal: 0, 0, 64, 0, 64, 0, 64, 0, 64, 268
push-h-goal: 0, 0, 64, 0, 64, 0, 64, 0, 64, 269
push-h-goal: 0, 0, 64, 0, 64, 0, 64, 0, 64, 270
push-h-goal: 0, 0, 64, 0, 64, 0, 64, 0, 64, 271
push-h-goal: 0, 0, 64, 0, 64, 0, 64, 0, 64, 272
push-h: 0, 0, 64, 0, 64, 0, 64, 0, 64, 279
push-h: 0, 0, 64, 0, 64, 0, 64, 0, 64, 280
push-h: 0, 0, 64, 0, 64, 0, 64, 0, 64, 281
push-h: 0, 0, 64, 0, 64, 0, 64, 0, 64, 282
push-h: 0, 0, 64, 0, 64, 0, 64, 0, 64, 283
push-h: 0, 0, 64, 0, 64, 0, 64, 0, 64, 284
push-h-goal: 0, 0, 64, 0, 64, 0, 64, 0, 64, 273
push-h-goal: 0, 0, 64, 0, 64, 0, 64, 0, 64, 274
push-h-goal: 0, 0, 64, 0, 64, 0, 64, 0, 64, 275
push-h-goal: 0, 0, 64, 0, 64, 0, 64, 0, 64, 276
push-h-goal: 0, 0, 64, 0, 64, 0, 64, 0, 64, 277
push-h-goal: 0, 0, 64, 0, 64, 0, 64, 0, 64, 278
push-h: 0, 0, 64, 0, 64, 0, 64, 0, 64, 285
push-h: 0, 0, 64, 0, 64, 0, 64, 0, 64, 286
push-h: 0, 0, 64, 0, 64, 0, 64, 0, 64, 287
push-h: 0, 0, 64, 0, 64, 0, 64, 0, 64, 288
push-h: 0, 0, 64, 0, 64, 0, 64, 0, 64, 289
push-h: 0, 0, 64, 0, 64, 0, 64, 0, 64, 290
push-h-goal: 0, 0, 64, 0, 64, 0, 64, 0, 64, 279
push-h-goal: 0, 0, 64, 0, 64, 0, 64, 0, 64, 280
push-h-goal: 0, 0, 64, 0, 64, 0, 64, 0, 64, 281
push-h-goal: 0, 0, 64, 0, 64, 0, 64, 0, 64, 282
push-h-goal: 0, 0, 64, 0, 64, 0, 64, 0, 64, 283
push-h-goal: 0, 0, 64, 0, 64, 0, 64, 0, 64, 284
push-h: 0, 0, 64, 0, 64, 0, 64, 0, 64, 291
push-h: 0, 0, 64, 0, 64, 0, 64, 0, 64, 292
push-h: 0, 0, 64, 0, 64, 0, 64, 0, 64, 293
push-h: 0, 0, 64, 0, 64, 0, 64, 0, 64, 294
push-h: 0, 0, 64, 0, 64, 0, 64, 0, 64, 295
push-h: 0, 0, 64, 0, 64, 0, 64, 0, 64, 296
push-h-goal: 0, 0, 64, 0, 64, 0, 64, 0, 64, 285
push-h-goal: 0, 0, 64, 0, 64, 0, 64, 0, 64, 286
push-h-goal: 0, 0, 64, 0, 64, 0, 64, 0, 64, 287
push-h-goal: 0, 0, 64, 0, 64, 0, 64, 0, 64, 288
push-h-goal: 0, 0, 64, 0, 64, 0, 64, 0, 64, 289
push-h-goal: 0, 0, 64, 0, 64, 0, 64, 0, 64, 290
push-h: 0, 0, 64, 0, 64, 0, 64, 0, 64, 297
push-h-goal: 0, 0, 64, 0, 64, 0, 64, 0, 64, 291
push-h: 0, 0, 64, 0, 64, 0, 64, 0, 64, 298
push-h: 0, 0, 64, 0, 64, 0, 64, 0, 64, 299
push-h: 0, 0, 64, 0, 64, 0, 64, 0, 64, 300
push-h: 0, 0, 64, 0, 64, 0, 64, 0, 64, 301
push-h: 0, 0, 64, 0, 64, 0, 64, 0, 64, 302
push-h: 0, 0, 64, 0, 64, 0, 64, 0, 64, 303
push-h-goal: 0, 0, 64, 0, 64, 0, 64, 0, 64, 292
push-h-goal: 0, 0, 64, 0, 64, 0, 64, 0, 64, 293
push-h-goal: 0, 0, 64, 0, 64, 0, 64, 0, 64, 294
push-h-goal: 0, 0, 64, 0, 64, 0, 64, 0, 64, 295
push-h-goal: 0, 0, 64, 0, 64, 0, 64, 0, 64, 296
push-h-goal: 0, 0, 64, 0, 64, 0, 64, 0, 64, 297
push-h: 0, 0, 64, 0, 64, 0, 64, 0, 64, 304
push-h: 0, 0, 64, 0, 64, 0, 64, 0, 64, 305
push-h: 0, 0, 64, 0, 64, 0, 64, 0, 64, 306
push-h: 0, 0, 64, 0, 64, 0, 64, 0, 64, 307
push-h: 0, 0, 64, 0, 64, 0, 64, 0, 64, 308
push-h: 0, 0, 64, 0, 64, 0, 64, 0, 64, 309
push-h-goal: 0, 0, 64, 0, 64, 0, 64, 0, 64, 298
push-h-goal: 0, 0, 64, 0, 64, 0, 64, 0, 64, 299
push-h-goal: 0, 0, 64, 0, 64, 0, 64, 0, 64, 300
push-h-goal: 0, 0, 64, 0, 64, 0, 64, 0, 64, 301
push-h-goal: 0, 0, 64, 0, 64, 0, 64, 0, 64, 302
push-h-goal: 0, 0, 64, 0, 64, 0, 64, 0, 64, 303
push-h: 0, 0, 64, 0, 64, 0, 64, 0, 64, 310
push-h-goal: 0, 0, 64, 0, 64, 0, 64, 0, 64, 304
push-h: 0, 0, 64, 0, 64, 0, 64, 0, 64, 311
push-h: 0, 0, 64, 0, 64, 0, 64, 0, 64, 312
push-h: 0, 0, 64, 0, 64, 0, 64, 0, 64, 313
push-h: 0, 0, 64, 0, 64, 0, 64, 0, 64, 314
push-h: 0, 0, 64, 0, 64, 0, 64, 0, 64, 315
push-h: 0, 0, 64, 0, 64, 0, 64, 0, 64, 316
push-h-goal: 0, 0, 64, 0, 64, 0, 64, 0, 64, 305
push-h-goal: 0, 0, 64, 0, 64, 0, 64, 0, 64, 306
push-h-goal: 0, 0, 64, 0, 64, 0, 64, 0, 64, 307
push-h-goal: 0, 0, 64, 0, 64, 0, 64, 0, 64, 308
push-h-goal: 0, 0, 64, 0, 64, 0, 64, 0, 64, 309
push-h-goal: 0, 0, 64, 0, 64, 0, 64, 0, 64, 310
push-h: 0, 0, 64, 0, 64, 0, 64, 0, 64, 317
push-h-goal: 0, 0, 64, 0, 64, 0, 64, 0, 64, 311
push-v-goal: 0, 4, 0, 3, 0, 0, 8, 0, 56, 104
push-v-goal: 0, 4, 0, 3, 0, 0, 8, 0, 56, 71
push-v-goal: 0, 4, 0, 3, 0, 0, 8, 0, 56, 72
push-v-goal: 0, 4, 0, 3, 0, 0, 8, 0, 56, 73
push-v-goal: 0, 4, 0, 3, 0, 0, 8, 0, 56, 64
push-v-goal: 0, 4, 0, 3, 0, 0, 8, 0, 56, 63
push-v-goal: 0, 4, 0, 3, 0, 0, 8, 0, 56, 64
push-v-goal: 0, 4, 0, 3, 0, 0, 8, 0, 56, 63
push-v-goal: 0, 4, 0, 3, 0, 0, 8, 0, 56, 63
push-v-goal: 0, 4, 0, 3, 0, 0, 8, 0, 56, 64
push-v-goal: 0, 4, 0, 3, 0, 0, 8, 0, 56, 65
push-v-goal: 0, 4, 0, 3, 0, 0, 8, 0, 56, 66
push-v-goal: 0, 4, 0, 3, 0, 0, 8, 0, 56, 67
push-v-goal: 0, 4, 0, 3, 0, 0, 8, 0, 56, 68
push-v-goal: 0, 4, 0, 3, 0, 0, 8, 0, 56, 64
push-v-goal: 0, 4, 0, 3, 0, 0, 8, 0, 56, 65
push-v-goal: 0, 4, 0, 3, 0, 0, 8, 0, 56, 65
push-v-goal: 0, 4, 0, 3, 0, 0, 8, 0, 56, 65
push-v-goal: 0, 4, 0, 3, 0, 0, 8, 0, 56, 65
push-v-goal: 0, 4, 0, 3, 0, 0, 8, 0, 56, 63
push-v-goal: 0, 4, 0, 3, 0, 0, 8, 0, 56, 64
push-v-goal: 0, 4, 0, 3, 0, 0, 8, 0, 56, 61
push-v-goal: 0, 4, 0, 3, 0, 0, 8, 0, 56, 30
push-h: 0, 0, 64, 0, 64, 0, 64, 0, 64, 318
push-h: 0, 0, 64, 0, 64, 0, 64, 0, 64, 319
push-h: 0, 0, 64, 0, 64, 0, 64, 0, 64, 320
push-h: 0, 0, 64, 0, 64, 0, 64, 0, 64, 321
push-h: 0, 0, 64, 0, 64, 0, 64, 0, 64, 322
push-h: 0, 0, 64, 0, 64, 0, 64, 0, 64, 323
push-h-goal: 0, 0, 64, 0, 64, 0, 64, 0, 64, 312
push-h-goal: 0, 0, 64, 0, 64, 0, 64, 0, 64, 313
push-h-goal: 0, 0, 64, 0, 64, 0, 64, 0, 64, 314
push-h-goal: 0, 0, 64, 0, 64, 0, 64, 0, 64, 315
push-h-goal: 0, 0, 64, 0, 64, 0, 64, 0, 64, 316
push-h-goal: 0, 0, 64, 0, 64, 0, 64, 0, 64, 317
push-h: 0, 0, 64, 0, 64, 0, 64, 0, 64, 324
push-h: 0, 0, 64, 0, 64, 0, 64, 0, 64, 325
push-h: 0, 0, 64, 0, 64, 0, 64, 0, 64, 326
push-h-goal: 0, 0, 64, 0, 64, 0, 64, 0, 64, 318
push-h-goal: 0, 0, 64, 0, 64, 0, 64, 0, 64, 319
push-h-goal: 0, 0, 64, 0, 64, 0, 64, 0, 64, 320
push-h: 0, 0, 64, 0, 64, 0, 64, 0, 64, 327
push-h: 0, 0, 64, 0, 64, 0, 64, 0, 64, 328
push-h: 0, 0, 64, 0, 64, 0, 64, 0, 64, 329
push-h: 0, 0, 64, 0, 64, 0, 64, 0, 64, 330
push-h: 0, 0, 64, 0, 64, 0, 64, 0, 64, 331
push-h: 0, 0, 64, 0, 64, 0, 64, 0, 64, 332
push-h-goal: 0, 0, 64, 0, 64, 0, 64, 0, 64, 321
push-h-goal: 0, 0, 64, 0, 64, 0, 64, 0, 64, 322
push-h-goal: 0, 0, 64, 0, 64, 0, 64, 0, 64, 323
push-h-goal: 0, 0, 64, 0, 64, 0, 64, 0, 64, 324
push-h-goal: 0, 0, 64, 0, 64, 0, 64, 0, 64, 325
push-h-goal: 0, 0, 64, 0, 64, 0, 64, 0, 64, 326
push-h: 0, 0, 64, 0, 64, 0, 64, 0, 64, 333
push-h: 0, 0, 64, 0, 64, 0, 64, 0, 64, 334
push-h: 0, 0, 64, 0, 64, 0, 64, 0, 64, 335
push-h-goal: 0, 0, 64, 0, 64, 0, 64, 0, 64, 327
push-h-goal: 0, 0, 64, 0, 64, 0, 64, 0, 64, 328
push-h-goal: 0, 0, 64, 0, 64, 0, 64, 0, 64, 329
push-h: 0, 0, 64, 0, 64, 0, 64, 0, 64, 336
push-h: 0, 0, 64, 0, 64, 0, 64, 0, 64, 337
push-h: 0, 0, 64, 0, 64, 0, 64, 0, 64, 338
push-h-goal: 0, 0, 64, 0, 64, 0, 64, 0, 64, 330
push-h-goal: 0, 0, 64, 0, 64, 0, 64, 0, 64, 331
push-h-goal: 0, 0, 64, 0, 64, 0, 64, 0, 64, 332
push-h: 0, 0, 64, 0, 64, 0, 64, 0, 64, 339
push-h: 0, 0, 64, 0, 64, 0, 64, 0, 64, 340
push-h: 0, 0, 64, 0, 64, 0, 64, 0, 64, 341
push-h-goal: 0, 0, 64, 0, 64, 0, 64, 0, 64, 333
push-h-goal: 0, 0, 64, 0, 64, 0, 64, 0, 64, 334
push-h-goal: 0, 0, 64, 0, 64, 0, 64, 0, 64, 335
move-h: 0, 0, 20, 0, 20, 0, 20, 0, 20, 1
move-v: 0, 0, 20, 0, 20, 0, 20, 0, 20, 1
push-h: 0, 0, 64, 0, 64, 0, 64, 0, 64, 342
push-h: 0, 0, 64, 0, 64, 0, 64, 0, 64, 343
push-h: 0, 0, 64, 0, 64, 0, 64, 0, 64, 344
push-h: 0, 0, 64, 0, 64, 0, 64, 0, 64, 345
push-h: 0, 0, 64, 0, 64, 0, 64, 0, 64, 346
push-h: 0, 0, 64, 0, 64, 0, 64, 0, 64, 347
push-h-goal: 0, 0, 64, 0, 64, 0, 64, 0, 64, 336
push-h-goal: 0, 0, 64, 0, 64, 0, 64, 0, 64, 337
push-h-goal: 0, 0, 64, 0, 64, 0, 64, 0, 64, 338
push-h-goal: 0, 0, 64, 0, 64, 0, 64, 0, 64, 339
push-h-goal: 0, 0, 64, 0, 64, 0, 64, 0, 64, 340
push-h-goal: 0, 0, 64, 0, 64, 0, 64, 0, 64, 341
push-h: 0, 0, 64, 0, 64, 0, 64, 0, 64, 348
push-h: 0, 0, 64, 0, 64, 0, 64, 0, 64, 349
push-h: 0, 0, 64, 0, 64, 0, 64, 0, 64, 350
push-h: 0, 0, 64, 0, 64, 0, 64, 0, 64, 351
push-h: 0, 0, 64, 0, 64, 0, 64, 0, 64, 352
push-h: 0, 0, 64, 0, 64, 0, 64, 0, 64, 353
push-h-goal: 0, 0, 64, 0, 64, 0, 64, 0, 64, 342
push-h-goal: 0, 0, 64, 0, 64, 0, 64, 0, 64, 343
push-h-goal: 0, 0, 64, 0, 64, 0, 64, 0, 64, 344
push-h-goal: 0, 0, 64, 0, 64, 0, 64, 0, 64, 345
push-h-goal: 0, 0, 64, 0, 64, 0, 64, 0, 64, 346
push-h-goal: 0, 0, 64, 0, 64, 0, 64, 0, 64, 347
push-h: 0, 0, 64, 0, 64, 0, 64, 0, 64, 354
push-h: 0, 0, 64, 0, 64, 0, 64, 0, 64, 355
push-h: 0, 0, 64, 0, 64, 0, 64, 0, 64, 356
push-h-goal: 0, 0, 64, 0, 64, 0, 64, 0, 64, 348
push-h-goal: 0, 0, 64, 0, 64, 0, 64, 0, 64, 349
push-h-goal: 0, 0, 64, 0, 64, 0, 64, 0, 64, 350
push-h: 0, 0, 64, 0, 64, 0, 64, 0, 64, 357
push-h: 0, 0, 64, 0, 64, 0, 64, 0, 64, 358
push-h: 0, 0, 64, 0, 64, 0, 64, 0, 64, 359
push-h: 0, 0, 64, 0, 64, 0, 64, 0, 64, 360
push-h: 0, 0, 64, 0, 64, 0, 64, 0, 64, 361
push-h: 0, 0, 64, 0, 64, 0, 64, 0, 64, 362
push-h-goal: 0, 0, 64, 0, 64, 0, 64, 0, 64, 351
push-h-goal: 0, 0, 64, 0, 64, 0, 64, 0, 64, 352
push-h-goal: 0, 0, 64, 0, 64, 0, 64, 0, 64, 353
push-h-goal: 0, 0, 64, 0, 64, 0, 64, 0, 64, 354
push-h-goal: 0, 0, 64, 0, 64, 0, 64, 0, 64, 355
push-h-goal: 0, 0, 64, 0, 64, 0, 64, 0, 64, 356
push-h: 0, 0, 64, 0, 64, 0, 64, 0, 64, 363
push-h: 0, 0, 64, 0, 64, 0, 64, 0, 64, 364
push-h: 0, 0, 64, 0, 64, 0, 64, 0, 64, 365
push-h-goal: 0, 0, 64, 0, 64, 0, 64, 0, 64, 357
push-h-goal: 0, 0, 64, 0, 64, 0, 64, 0, 64, 358
push-h-goal: 0, 0, 64, 0, 64, 0, 64, 0, 64, 359
move-h: 0, 0, 20, 0, 20, 0, 20, 0, 20, 2
move-h: 0, 0, 20, 0, 20, 0, 20, 0, 20, 3
move-v: 0, 0, 20, 0, 20, 0, 20, 0, 20, 2
move-v: 0, 0, 20, 0, 20, 0, 20, 0, 20, 3
push-h: 0, 0, 64, 0, 64, 0, 64, 0, 64, 366
push-h: 0, 0, 64, 0, 64, 0, 64, 0, 64, 367
push-h: 0, 0, 64, 0, 64, 0, 64, 0, 64, 368
push-h: 0, 0, 64, 0, 64, 0, 64, 0, 64, 369
push-h: 0, 0, 64, 0, 64, 0, 64, 0, 64, 370
push-h: 0, 0, 64, 0, 64, 0, 64, 0, 64, 371
push-h-goal: 0, 0, 64, 0, 64, 0, 64, 0, 64, 360
push-h-goal: 0, 0, 64, 0, 64, 0, 64, 0, 64, 361
push-h-goal: 0, 0, 64, 0, 64, 0, 64, 0, 64, 362
push-h-goal: 0, 0, 64, 0, 64, 0, 64, 0, 64, 363
push-h-goal: 0, 0, 64, 0, 64, 0, 64, 0, 64, 364
push-h-goal: 0, 0, 64, 0, 64, 0, 64, 0, 64, 365
push-h: 0, 0, 64, 0, 64, 0, 64, 0, 64, 372
push-h: 0, 0, 64, 0, 64, 0, 64, 0, 64, 373
push-h: 0, 0, 64, 0, 64, 0, 64, 0, 64, 374
push-h-goal: 0, 0, 64, 0, 64, 0, 64, 0, 64, 366
push-h-goal: 0, 0, 64, 0, 64, 0, 64, 0, 64, 367
push-h-goal: 0, 0, 64, 0, 64, 0, 64, 0, 64, 368
push-h: 0, 0, 64, 0, 64, 0, 64, 0, 64, 375
push-h: 0, 0, 64, 0, 64, 0, 64, 0, 64, 376
push-h: 0, 0, 64, 0, 64, 0, 64, 0, 64, 377
push-h: 0, 0, 64, 0, 64, 0, 64, 0, 64, 378
push-h: 0, 0, 64, 0, 64, 0, 64, 0, 64, 379
push-h: 0, 0, 64, 0, 64, 0, 64, 0, 64, 380
push-h-goal: 0, 0, 64, 0, 64, 0, 64, 0, 64, 369
push-h-goal: 0, 0, 64, 0, 64, 0, 64, 0, 64, 370
push-h-goal: 0, 0, 64, 0, 64, 0, 64, 0, 64, 371
push-h-goal: 0, 0, 64, 0, 64, 0, 64, 0, 64, 372
push-h-goal: 0, 0, 64, 0, 64, 0, 64, 0, 64, 373
push-h-goal: 0, 0, 64, 0, 64, 0, 64, 0, 64, 374
push-h: 0, 0, 64, 0, 64, 0, 64, 0, 64, 381
push-h: 0, 0, 64, 0, 64, 0, 64, 0, 64, 382
push-h: 0, 0, 64, 0, 64, 0, 64, 0, 64, 383
push-h-goal: 0, 0, 64, 0, 64, 0, 64, 0, 64, 375
push-h-goal: 0, 0, 64, 0, 64, 0, 64, 0, 64, 376
push-h-goal: 0, 0, 64, 0, 64, 0, 64, 0, 64, 377
move-h: 0, 0, 20, 0, 20, 0, 20, 0, 20, 4
move-h: 0, 0, 20, 0, 20, 0, 20, 0, 20, 5
move-v: 0, 0, 20, 0, 20, 0, 20, 0, 20, 4
move-v: 0, 0, 20, 0, 20, 0, 20, 0, 20, 5
push-h: 0, 0, 64, 0, 64, 0, 64, 0, 64, 384
push-h: 0, 0, 64, 0, 64, 0, 64, 0, 64, 385
push-h: 0, 0, 64, 0, 64, 0, 64, 0, 64, 386
push-h-goal: 0, 0, 64, 0, 64, 0, 64, 0, 64, 378
push-h-goal: 0, 0, 64, 0, 64, 0, 64, 0, 64, 379
push-h-goal: 0, 0, 64, 0, 64, 0, 64, 0, 64, 380
push-h: 0, 0, 64, 0, 64, 0, 64, 0, 64, 387
push-h: 0, 0, 64, 0, 64, 0, 64, 0, 64, 388
push-h: 0, 0, 64, 0, 64, 0, 64, 0, 64, 389
push-h: 0, 0, 64, 0, 64, 0, 64, 0, 64, 390
push-h: 0, 0, 64, 0, 64, 0, 64, 0, 64, 391
push-h: 0, 0, 64, 0, 64, 0, 64, 0, 64, 392
push-h-goal: 0, 0, 64, 0, 64, 0, 64, 0, 64, 381
push-h-goal: 0, 0, 64, 0, 64, 0, 64, 0, 64, 382
push-h-goal: 0, 0, 64, 0, 64, 0, 64, 0, 64, 383
push-h-goal: 0, 0, 64, 0, 64, 0, 64, 0, 64, 384
push-h-goal: 0, 0, 64, 0, 64, 0, 64, 0, 64, 385
push-h-goal: 0, 0, 64, 0, 64, 0, 64, 0, 64, 386
push-h: 0, 0, 64, 0, 64, 0, 64, 0, 64, 393
push-h: 0, 0, 64, 0, 64, 0, 64, 0, 64, 394
push-h: 0, 0, 64, 0, 64, 0, 64, 0, 64, 395
push-h-goal: 0, 0, 64, 0, 64, 0, 64, 0, 64, 387
push-h-goal: 0, 0, 64, 0, 64, 0, 64, 0, 64, 388
push-h-goal: 0, 0, 64, 0, 64, 0, 64, 0, 64, 389
move-h: 0, 0, 20, 0, 20, 0, 20, 0, 20, 6
move-h: 0, 0, 20, 0, 20, 0, 20, 0, 20, 7
move-v: 0, 0, 20, 0, 20, 0, 20, 0, 20, 6
move-v: 0, 0, 20, 0, 20, 0, 20, 0, 20, 7
push-h: 0, 0, 64, 0, 64, 0, 64, 0, 64, 396
push-h: 0, 0, 64, 0, 64, 0, 64, 0, 64, 397
push-h: 0, 0, 64, 0, 64, 0, 64, 0, 64, 398
push-h: 0, 0, 64, 0, 64, 0, 64, 0, 64, 399
push-h: 0, 0, 64, 0, 64, 0, 64, 0, 64, 400
push-h: 0, 0, 64, 0, 64, 0, 64, 0, 64, 401
push-h-goal: 0, 0, 64, 0, 64, 0, 64, 0, 64, 390
push-h-goal: 0, 0, 64, 0, 64, 0, 64, 0, 64, 391
push-h-goal: 0, 0, 64, 0, 64, 0, 64, 0, 64, 392
push-h-goal: 0, 0, 64, 0, 64, 0, 64, 0, 64, 393
push-h-goal: 0, 0, 64, 0, 64, 0, 64, 0, 64, 394
push-h-goal: 0, 0, 64, 0, 64, 0, 64, 0, 64, 395
push-h: 0, 0, 64, 0, 64, 0, 64, 0, 64, 402
push-h-goal: 0, 0, 64, 0, 64, 0, 64, 0, 64, 396
move-h: 0, 0, 20, 0, 20, 0, 20, 0, 20, 8
move-v: 0, 0, 20, 0, 20, 0, 20, 0, 20, 8
push-h: 0, 0, 64, 0, 64, 0, 64, 0, 64, 403
push-h: 0, 0, 64, 0, 64, 0, 64, 0, 64, 404
push-h: 0, 0, 64, 0, 64, 0, 64, 0, 64, 405
push-h: 0, 0, 64, 0, 64, 0, 64, 0, 64, 406
push-h: 0, 0, 64, 0, 64, 0, 64, 0, 64, 407
push-h: 0, 0, 64, 0, 64, 0, 64, 0, 64, 408
push-h-goal: 0, 0, 64, 0, 64, 0, 64, 0, 64, 397
push-h-goal: 0, 0, 64, 0, 64, 0, 64, 0, 64, 398
push-h-goal: 0, 0, 64, 0, 64, 0, 64, 0, 64, 399
push-h-goal: 0, 0, 64, 0, 64, 0, 64, 0, 64, 400
push-h-goal: 0, 0, 64, 0, 64, 0, 64, 0, 64, 401
push-h-goal: 0, 0, 64, 0, 64, 0, 64, 0, 64, 402
move-h: 0, 0, 20, 0, 20, 0, 20, 0, 20, 9
move-h: 0, 0, 20, 0, 20, 0, 20, 0, 20, 10
move-v: 0, 0, 20, 0, 20, 0, 20, 0, 20, 9
move-v: 0, 0, 20, 0, 20, 0, 20, 0, 20, 10
push-h: 0, 0, 64, 0, 64, 0, 64, 0, 64, 409
push-h: 0, 0, 64, 0, 64, 0, 64, 0, 64, 410
push-h: 0, 0, 64, 0, 64, 0, 64, 0, 64, 411
push-h: 0, 0, 64, 0, 64, 0, 64, 0, 64, 412
push-h: 0, 0, 64, 0, 64, 0, 64, 0, 64, 413
push-h: 0, 0, 64, 0, 64, 0, 64, 0, 64, 414
push-h-goal: 0, 0, 64, 0, 64, 0, 64, 0, 64, 403
push-h-goal: 0, 0, 64, 0, 64, 0, 64, 0, 64, 404
push-h-goal: 0, 0, 64, 0, 64, 0, 64, 0, 64, 405
push-h-goal: 0, 0, 64, 0, 64, 0, 64, 0, 64, 406
push-h-goal: 0, 0, 64, 0, 64, 0, 64, 0, 64, 407
push-h-goal: 0, 0, 64, 0, 64, 0, 64, 0, 64, 408
push-h: 0, 0, 64, 0, 64, 0, 64, 0, 64, 415
push-h: 0, 0, 64, 0, 64, 0, 64, 0, 64, 416
push-h: 0, 0, 64, 0, 64, 0, 64, 0, 64, 417
push-h: 0, 0, 64, 0, 64, 0, 64, 0, 64, 418
push-h: 0, 0, 64, 0, 64, 0, 64, 0, 64, 419
push-h: 0, 0, 64, 0, 64, 0, 64, 0, 64, 420
push-h-goal: 0, 0, 64, 0, 64, 0, 64, 0, 64, 409
push-h-goal: 0, 0, 64, 0, 64, 0, 64, 0, 64, 410
push-h-goal: 0, 0, 64, 0, 64, 0, 64, 0, 64, 411
push-h-goal: 0, 0, 64, 0, 64, 0, 64, 0, 64, 412
push-h-goal: 0, 0, 64, 0, 64, 0, 64, 0, 64, 413
push-h-goal: 0, 0, 64, 0, 64, 0, 64, 0, 64, 414
push-h: 0, 0, 64, 0, 64, 0, 64, 0, 64, 421
push-h: 0, 0, 64, 0, 64, 0, 64, 0, 64, 422
push-h: 0, 0, 64, 0, 64, 0, 64, 0, 64, 423
push-h: 0, 0, 64, 0, 64, 0, 64, 0, 64, 424
push-h: 0, 0, 64, 0, 64, 0, 64, 0, 64, 425
push-h: 0, 0, 64, 0, 64, 0, 64, 0, 64, 426
push-h-goal: 0, 0, 64, 0, 64, 0, 64, 0, 64, 415
push-h-goal: 0, 0, 64, 0, 64, 0, 64, 0, 64, 416
push-h-goal: 0, 0, 64, 0, 64, 0, 64, 0, 64, 417
push-h-goal: 0, 0, 64, 0, 64, 0, 64, 0, 64, 418
push-h-goal: 0, 0, 64, 0, 64, 0, 64, 0, 64, 419
push-h-goal: 0, 0, 64, 0, 64, 0, 64, 0, 64, 420
push-h: 0, 0, 64, 0, 64, 0, 64, 0, 64, 427
push-h: 0, 0, 64, 0, 64, 0, 64, 0, 64, 428
push-h: 0, 0, 64, 0, 64, 0, 64, 0, 64, 429
push-h: 0, 0, 64, 0, 64, 0, 64, 0, 64, 430
push-h: 0, 0, 64, 0, 64, 0, 64, 0, 64, 431
push-h: 0, 0, 64, 0, 64, 0, 64, 0, 64, 432
push-h-goal: 0, 0, 64, 0, 64, 0, 64, 0, 64, 421
push-h-goal: 0, 0, 64, 0, 64, 0, 64, 0, 64, 422
push-h-goal: 0, 0, 64, 0, 64, 0, 64, 0, 64, 423
push-h-goal: 0, 0, 64, 0, 64, 0, 64, 0, 64, 424
push-h-goal: 0, 0, 64, 0, 64, 0, 64, 0, 64, 425
push-h-goal: 0, 0, 64, 0, 64, 0, 64, 0, 64, 426
push-h: 0, 0, 64, 0, 64, 0, 64, 0, 64, 433
push-h: 0, 0, 64, 0, 64, 0, 64, 0, 64, 434
push-h: 0, 0, 64, 0, 64, 0, 64, 0, 64, 435
push-h: 0, 0, 64, 0, 64, 0, 64, 0, 64, 436
push-h: 0, 0, 64, 0, 64, 0, 64, 0, 64, 437
push-h: 0, 0, 64, 0, 64, 0, 64, 0, 64, 438
push-h-goal: 0, 0, 64, 0, 64, 0, 64, 0, 64, 427
push-h-goal: 0, 0, 64, 0, 64, 0, 64, 0, 64, 428
push-h-goal: 0, 0, 64, 0, 64, 0, 64, 0, 64, 429
push-h-goal: 0, 0, 64, 0, 64, 0, 64, 0, 64, 430
push-h-goal: 0, 0, 64, 0, 64, 0, 64, 0, 64, 431
push-h-goal: 0, 0, 64, 0, 64, 0, 64, 0, 64, 432
move-h: 0, 0, 20, 0, 20, 0, 20, 0, 20, 11
move-h: 0, 0, 20, 0, 20, 0, 20, 0, 20, 12
move-v: 0, 2, 0, 2, 0, 0, 4, 0, 16, 10
push-h: 0, 0, 64, 0, 64, 0, 64, 0, 64, 439
push-h: 0, 0, 64, 0, 64, 0, 64, 0, 64, 440
push-h: 0, 0, 64, 0, 64, 0, 64, 0, 64, 441
push-h: 0, 0, 64, 0, 64, 0, 64, 0, 64, 442
push-h: 0, 0, 64, 0, 64, 0, 64, 0, 64, 443
push-h: 0, 0, 64, 0, 64, 0, 64, 0, 64, 444
push-h-goal: 0, 0, 64, 0, 64, 0, 64, 0, 64, 433
push-h-goal: 0, 0, 64, 0, 64, 0, 64, 0, 64, 434
push-h-goal: 0, 0, 64, 0, 64, 0, 64, 0, 64, 435
push-h-goal: 0, 0, 64, 0, 64, 0, 64, 0, 64, 436
push-h-goal: 0, 0, 64, 0, 64, 0, 64, 0, 64, 437
push-h-goal: 0, 0, 64, 0, 64, 0, 64, 0, 64, 438
push-h: 0, 0, 64, 0, 64, 0, 64, 0, 64, 445
push-h: 0, 0, 64, 0, 64, 0, 64, 0, 64, 446
push-h: 0, 0, 64, 0, 64, 0, 64, 0, 64, 447
push-h: 0, 0, 64, 0, 64, 0, 64, 0, 64, 448
push-h: 0, 0, 64, 0, 64, 0, 64, 0, 64, 449
push-h: 0, 0, 64, 0, 64, 0, 64, 0, 64, 450
push-h-goal: 0, 0, 64, 0, 64, 0, 64, 0, 64, 439
push-h-goal: 0, 0, 64, 0, 64, 0, 64, 0, 64, 440
push-h-goal: 0, 0, 64, 0, 64, 0, 64, 0, 64, 441
push-h-goal: 0, 0, 64, 0, 64, 0, 64, 0, 64, 442
push-h-goal: 0, 0, 64, 0, 64, 0, 64, 0, 64, 443
push-h-goal: 0, 0, 64, 0, 64, 0, 64, 0, 64, 444
push-h: 0, 0, 64, 0, 64, 0, 64, 0, 64, 451
push-h: 0, 0, 64, 0, 64, 0, 64, 0, 64, 452
push-h: 0, 0, 64, 0, 64, 0, 64, 0, 64, 453
push-h: 0, 0, 64, 0, 64, 0, 64, 0, 64, 454
push-h: 0, 0, 64, 0, 64, 0, 64, 0, 64, 455
push-h: 0, 0, 64, 0, 64, 0, 64, 0, 64, 456
push-h-goal: 0, 0, 64, 0, 64, 0, 64, 0, 64, 445
push-h-goal: 0, 0, 64, 0, 64, 0, 64, 0, 64, 446
push-h-goal: 0, 0, 64, 0, 64, 0, 64, 0, 64, 447
push-h-goal: 0, 0, 64, 0, 64, 0, 64, 0, 64, 448
push-h-goal: 0, 0, 64, 0, 64, 0, 64, 0, 64, 449
push-h-goal: 0, 0, 64, 0, 64, 0, 64, 0, 64, 450
push-h: 0, 0, 64, 0, 64, 0, 64, 0, 64, 457
push-h: 0, 0, 64, 0, 64, 0, 64, 0, 64, 458
push-h: 0, 0, 64, 0, 64, 0, 64, 0, 64, 459
push-h: 0, 0, 64, 0, 64, 0, 64, 0, 64, 460
push-h: 0, 0, 64, 0, 64, 0, 64, 0, 64, 461
push-h: 0, 0, 64, 0, 64, 0, 64, 0, 64, 462
push-h-goal: 0, 0, 64, 0, 64, 0, 64, 0, 64, 451
push-h-goal: 0, 0, 64, 0, 64, 0, 64, 0, 64, 452
push-h-goal: 0, 0, 64, 0, 64, 0, 64, 0, 64, 453
push-h-goal: 0, 0, 64, 0, 64, 0, 64, 0, 64, 454
push-h-goal: 0, 0, 64, 0, 64, 0, 64, 0, 64, 455
push-h-goal: 0, 0, 64, 0, 64, 0, 64, 0, 64, 456
push-h: 0, 0, 64, 0, 64, 0, 64, 0, 64, 463
push-h: 0, 0, 64, 0, 64, 0, 64, 0, 64, 464
push-h: 0, 0, 64, 0, 64, 0, 64, 0, 64, 465
push-h: 0, 0, 64, 0, 64, 0, 64, 0, 64, 466
push-h: 0, 0, 64, 0, 64, 0, 64, 0, 64, 467
push-h: 0, 0, 64, 0, 64, 0, 64, 0, 64, 468
push-h-goal: 0, 0, 64, 0, 64, 0, 64, 0, 64, 457
push-h-goal: 0, 0, 64, 0, 64, 0, 64, 0, 64, 458
push-h-goal: 0, 0, 64, 0, 64, 0, 64, 0, 64, 459
push-h-goal: 0, 0, 64, 0, 64, 0, 64, 0, 64, 460
push-h-goal: 0, 0, 64, 0, 64, 0, 64, 0, 64, 461
push-h-goal: 0, 0, 64, 0, 64, 0, 64, 0, 64, 462
push-h: 0, 0, 64, 0, 64, 0, 64, 0, 64, 469
push-h: 0, 0, 64, 0, 64, 0, 64, 0, 64, 470
push-h: 0, 0, 64, 0, 64, 0, 64, 0, 64, 471
push-h: 0, 0, 64, 0, 64, 0, 64, 0, 64, 472
push-h: 0, 0, 64, 0, 64, 0, 64, 0, 64, 473
push-h: 0, 0, 64, 0, 64, 0, 64, 0, 64, 474
push-h-goal: 0, 0, 64, 0, 64, 0, 64, 0, 64, 463
push-h-goal: 0, 0, 64, 0, 64, 0, 64, 0, 64, 464
push-h-goal: 0, 0, 64, 0, 64, 0, 64, 0, 64, 465
push-h-goal: 0, 0, 64, 0, 64, 0, 64, 0, 64, 466
push-h-goal: 0, 0, 64, 0, 64, 0, 64, 0, 64, 467
push-h-goal: 0, 0, 64, 0, 64, 0, 64, 0, 64, 468
push-h: 0, 0, 64, 0, 64, 0, 64, 0, 64, 475
push-h: 0, 0, 64, 0, 64, 0, 64, 0, 64, 476
push-h: 0, 0, 64, 0, 64, 0, 64, 0, 64, 477
push-h: 0, 0, 64, 0, 64, 0, 64, 0, 64, 478
push-h: 0, 0, 64, 0, 64, 0, 64, 0, 64, 479
push-h: 0, 0, 64, 0, 64, 0, 64, 0, 64, 480
push-h-goal: 0, 0, 64, 0, 64, 0, 64, 0, 64, 469
push-h-goal: 0, 0, 64, 0, 64, 0, 64, 0, 64, 470
push-h-goal: 0, 0, 64, 0, 64, 0, 64, 0, 64, 471
push-h-goal: 0, 0, 64, 0, 64, 0, 64, 0, 64, 472
push-h-goal: 0, 0, 64, 0, 64, 0, 64, 0, 64, 473
push-h-goal: 0, 0, 64, 0, 64, 0, 64, 0, 64, 474
push-h: 0, 0, 64, 0, 64, 0, 64, 0, 64, 481
push-h: 0, 0, 64, 0, 64, 0, 64, 0, 64, 482
push-h: 0, 0, 64, 0, 64, 0, 64, 0, 64, 483
push-h: 0, 0, 64, 0, 64, 0, 64, 0, 64, 484
push-h: 0, 0, 64, 0, 64, 0, 64, 0, 64, 485
push-h: 0, 0, 64, 0, 64, 0, 64, 0, 64, 486
push-h-goal: 0, 0, 64, 0, 64, 0, 64, 0, 64, 475
push-h-goal: 0, 0, 64, 0, 64, 0, 64, 0, 64, 476
push-h-goal: 0, 0, 64, 0, 64, 0, 64, 0, 64, 477
push-h-goal: 0, 0, 64, 0, 64, 0, 64, 0, 64, 478
push-h-goal: 0, 0, 64, 0, 64, 0, 64, 0, 64, 479
push-h-goal: 0, 0, 64, 0, 64, 0, 64, 0, 64, 480
push-h: 0, 0, 64, 0, 64, 0, 64, 0, 64, 487
push-h: 0, 0, 64, 0, 64, 0, 64, 0, 64, 488
push-h: 0, 0, 64, 0, 64, 0, 64, 0, 64, 489
push-h: 0, 0, 64, 0, 64, 0, 64, 0, 64, 490
push-h: 0, 0, 64, 0, 64, 0, 64, 0, 64, 491
push-h: 0, 0, 64, 0, 64, 0, 64, 0, 64, 492
push-h-goal: 0, 0, 64, 0, 64, 0, 64, 0, 64, 481
push-h-goal: 0, 0, 64, 0, 64, 0, 64, 0, 64, 482
push-h-goal: 0, 0, 64, 0, 64, 0, 64, 0, 64, 483
push-h-goal: 0, 0, 64, 0, 64, 0, 64, 0, 64, 484
push-h-goal: 0, 0, 64, 0, 64, 0, 64, 0, 64, 485
push-h-goal: 0, 0, 64, 0, 64, 0, 64, 0, 64, 486
push-h: 0, 0, 64, 0, 64, 0, 64, 0, 64, 493
push-h: 0, 0, 64, 0, 64, 0, 64, 0, 64, 494
push-h: 0, 0, 64, 0, 64, 0, 64, 0, 64, 495
push-h: 0, 0, 64, 0, 64, 0, 64, 0, 64, 496
push-h: 0, 0, 64, 0, 64, 0, 64, 0, 64, 497
push-h: 0, 0, 64, 0, 64, 0, 64, 0, 64, 498
push-h-goal: 0, 0, 64, 0, 64, 0, 64, 0, 64, 487
push-h-goal: 0, 0, 64, 0, 64, 0, 64, 0, 64, 488
push-h-goal: 0, 0, 64, 0, 64, 0, 64, 0, 64, 489
push-h-goal: 0, 0, 64, 0, 64, 0, 64, 0, 64, 490
push-h-goal: 0, 0, 64, 0, 64, 0, 64, 0, 64, 491
push-h-goal: 0, 0, 64, 0, 64, 0, 64, 0, 64, 492
push-v-goal: 0, 4, 0, 3, 0, 0, 8, 0, 56, 31
push-v-goal: 0, 4, 0, 3, 0, 0, 8, 0, 56, 32
push-v-goal: 0, 4, 0, 3, 0, 0, 8, 0, 56, 33
push-v-goal: 0, 4, 0, 3, 0, 0, 8, 0, 56, 34
push-h: 0, 0, 64, 0, 64, 0, 64, 0, 64, 499
push-h: 0, 0, 64, 0, 64, 0, 64, 0, 64, 500
push-h: 0, 0, 64, 0, 64, 0, 64, 0, 64, 501
push-h: 0, 0, 64, 0, 64, 0, 64, 0, 64, 502
push-h: 0, 0, 64, 0, 64, 0, 64, 0, 64, 503
push-h: 0, 0, 64, 0, 64, 0, 64, 0, 64, 504
push-h-goal: 0, 0, 64, 0, 64, 0, 64, 0, 64, 493
push-h-goal: 0, 0, 64, 0, 64, 0, 64, 0, 64, 494
push-h-goal: 0, 0, 64, 0, 64, 0, 64, 0, 64, 495
push-h-goal: 0, 0, 64, 0, 64, 0, 64, 0, 64, 496
push-h-goal: 0, 0, 64, 0, 64, 0, 64, 0, 64, 497
push-h-goal: 0, 0, 64, 0, 64, 0, 64, 0, 64, 498
push-h: 0, 0, 64, 0, 64, 0, 64, 0, 64, 505
push-h: 0, 0, 64, 0, 64, 0, 64, 0, 64, 506
push-h: 0, 0, 64, 0, 64, 0, 64, 0, 64, 507
push-h: 0, 0, 64, 0, 64, 0, 64, 0, 64, 508
push-h: 0, 0, 64, 0, 64, 0, 64, 0, 64, 509
push-h: 0, 0, 64, 0, 64, 0, 64, 0, 64, 510
push-h-goal: 0, 0, 64, 0, 64, 0, 64, 0, 64, 499
push-h-goal: 0, 0, 64, 0, 64, 0, 64, 0, 64, 500
push-h-goal: 0, 0, 64, 0, 64, 0, 64, 0, 64, 501
push-h-goal: 0, 0, 64, 0, 64, 0, 64, 0, 64, 502
push-h-goal: 0, 0, 64, 0, 64, 0, 64, 0, 64, 503
push-h-goal: 0, 0, 64, 0, 64, 0, 64, 0, 64, 504
push-h: 0, 0, 64, 0, 64, 0, 64, 0, 64, 511
push-h: 0, 0, 64, 0, 64, 0, 64, 0, 64, 512
push-h: 0, 0, 64, 0, 64, 0, 64, 0, 64, 513
push-h: 0, 0, 64, 0, 64, 0, 64, 0, 64, 514
push-h: 0, 0, 64, 0, 64, 0, 64, 0, 64, 515
push-h: 0, 0, 64, 0, 64, 0, 64, 0, 64, 516
push-h-goal: 0, 0, 64, 0, 64, 0, 64, 0, 64, 505
push-h-goal: 0, 0, 64, 0, 64, 0, 64, 0, 64, 506
push-h-goal: 0, 0, 64, 0, 64, 0, 64, 0, 64, 507
push-h-goal: 0, 0, 64, 0, 64, 0, 64, 0, 64, 508
push-h-goal: 0, 0, 64, 0, 64, 0, 64, 0, 64, 509
push-h-goal: 0, 0, 64, 0, 64, 0, 64, 0, 64, 510
push-h: 0, 0, 64, 0, 64, 0, 64, 0, 64, 517
push-h: 0, 0, 64, 0, 64, 0, 64, 0, 64, 518
push-h: 0, 0, 64, 0, 64, 0, 64, 0, 64, 519
push-h: 0, 0, 64, 0, 64, 0, 64, 0, 64, 520
push-h: 0, 0, 64, 0, 64, 0, 64, 0, 64, 521
push-h: 0, 0, 64, 0, 64, 0, 64, 0, 64, 522
push-h-goal: 0, 0, 64, 0, 64, 0, 64, 0, 64, 511
push-h-goal: 0, 0, 64, 0, 64, 0, 64, 0, 64, 512
push-h-goal: 0, 0, 64, 0, 64, 0, 64, 0, 64, 513
push-h-goal: 0, 0, 64, 0, 64, 0, 64, 0, 64, 514
push-h-goal: 0, 0, 64, 0, 64, 0, 64, 0, 64, 515
push-h-goal: 0, 0, 64, 0, 64, 0, 64, 0, 64, 516
push-h: 0, 0, 64, 0, 64, 0, 64, 0, 64, 523
push-h: 0, 0, 64, 0, 64, 0, 64, 0, 64, 524
push-h: 0, 0, 64, 0, 64, 0, 64, 0, 64, 525
push-h: 0, 0, 64, 0, 64, 0, 64, 0, 64, 526
push-h: 0, 0, 64, 0, 64, 0, 64, 0, 64, 527
push-h: 0, 0, 64, 0, 64, 0, 64, 0, 64, 528
push-h-goal: 0, 0, 64, 0, 64, 0, 64, 0, 64, 517
push-h-goal: 0, 0, 64, 0, 64, 0, 64, 0, 64, 518
push-h-goal: 0, 0, 64, 0, 64, 0, 64, 0, 64, 519
push-h-goal: 0, 0, 64, 0, 64, 0, 64, 0, 64, 520
push-h-goal: 0, 0, 64, 0, 64, 0, 64, 0, 64, 521
push-h-goal: 0, 0, 64, 0, 64, 0, 64, 0, 64, 522
push-h: 0, 0, 64, 0, 64, 0, 64, 0, 64, 529
push-h: 0, 0, 64, 0, 64, 0, 64, 0, 64, 530
push-h: 0, 0, 64, 0, 64, 0, 64, 0, 64, 531
push-h: 0, 0, 64, 0, 64, 0, 64, 0, 64, 532
push-h: 0, 0, 64, 0, 64, 0, 64, 0, 64, 533
push-h: 0, 0, 64, 0, 64, 0, 64, 0, 64, 534
push-h-goal: 0, 0, 64, 0, 64, 0, 64, 0, 64, 523
push-h-goal: 0, 0, 64, 0, 64, 0, 64, 0, 64, 524
push-h-goal: 0, 0, 64, 0, 64, 0, 64, 0, 64, 525
push-h-goal: 0, 0, 64, 0, 64, 0, 64, 0, 64, 526
push-h-goal: 0, 0, 64, 0, 64, 0, 64, 0, 64, 527
push-h-goal: 0, 0, 64, 0, 64, 0, 64, 0, 64, 528
push-h: 0, 0, 64, 0, 64, 0, 64, 0, 64, 535
push-h: 0, 0, 64, 0, 64, 0, 64, 0, 64, 536
push-h: 0, 0, 64, 0, 64, 0, 64, 0, 64, 537
push-h: 0, 0, 64, 0, 64, 0, 64, 0, 64, 538
push-h: 0, 0, 64, 0, 64, 0, 64, 0, 64, 539
push-h: 0, 0, 64, 0, 64, 0, 64, 0, 64, 540
push-h-goal: 0, 0, 64, 0, 64, 0, 64, 0, 64, 529
push-h-goal: 0, 0, 64, 0, 64, 0, 64, 0, 64, 530
push-h-goal: 0, 0, 64, 0, 64, 0, 64, 0, 64, 531
push-h-goal: 0, 0, 64, 0, 64, 0, 64, 0, 64, 532
push-h-goal: 0, 0, 64, 0, 64, 0, 64, 0, 64, 533
push-h-goal: 0, 0, 64, 0, 64, 0, 64, 0, 64, 534
push-h: 0, 0, 64, 0, 64, 0, 64, 0, 64, 541
push-h: 0, 0, 64, 0, 64, 0, 64, 0, 64, 542
push-h: 0, 0, 64, 0, 64, 0, 64, 0, 64, 543
push-h: 0, 0, 64, 0, 64, 0, 64, 0, 64, 544
push-h: 0, 0, 64, 0, 64, 0, 64, 0, 64, 545
push-h: 0, 0, 64, 0, 64, 0, 64, 0, 64, 546
push-h-goal: 0, 0, 64, 0, 64, 0, 64, 0, 64, 535
push-h-goal: 0, 0, 64, 0, 64, 0, 64, 0, 64, 536
push-h-goal: 0, 0, 64, 0, 64, 0, 64, 0, 64, 537
push-h-goal: 0, 0, 64, 0, 64, 0, 64, 0, 64, 538
push-h-goal: 0, 0, 64, 0, 64, 0, 64, 0, 64, 539
push-h-goal: 0, 0, 64, 0, 64, 0, 64, 0, 64, 540
push-h: 0, 0, 64, 0, 64, 0, 64, 0, 64, 547
push-h: 0, 0, 64, 0, 64, 0, 64, 0, 64, 548
push-h: 0, 0, 64, 0, 64, 0, 64, 0, 64, 549
push-h: 0, 0, 64, 0, 64, 0, 64, 0, 64, 550
push-h: 0, 0, 64, 0, 64, 0, 64, 0, 64, 551
push-h: 0, 0, 64, 0, 64, 0, 64, 0, 64, 552
push-h-goal: 0, 0, 64, 0, 64, 0, 64, 0, 64, 541
push-h-goal: 0, 0, 64, 0, 64, 0, 64, 0, 64, 542
push-h-goal: 0, 0, 64, 0, 64, 0, 64, 0, 64, 543
push-h-goal: 0, 0, 64, 0, 64, 0, 64, 0, 64, 544
push-h-goal: 0, 0, 64, 0, 64, 0, 64, 0, 64, 545
push-h-goal: 0, 0, 64, 0, 64, 0, 64, 0, 64, 546
move-h: 0, 0, 20, 0, 20, 0, 20, 0, 20, 13
move-h: 0, 0, 20, 0, 20, 0, 20, 0, 20, 14
push-h: 0, 0, 64, 0, 64, 0, 64, 0, 64, 553
push-h: 0, 0, 64, 0, 64, 0, 64, 0, 64, 554
push-h: 0, 0, 64, 0, 64, 0, 64, 0, 64, 555
push-h: 0, 0, 64, 0, 64, 0, 64, 0, 64, 556
push-h: 0, 0, 64, 0, 64, 0, 64, 0, 64, 557
push-h: 0, 0, 64, 0, 64, 0, 64, 0, 64, 558
push-h-goal: 0, 0, 64, 0, 64, 0, 64, 0, 64, 547
push-h-goal: 0, 0, 64, 0, 64, 0, 64, 0, 64, 548
push-h-goal: 0, 0, 64, 0, 64, 0, 64, 0, 64, 549
push-h-goal: 0, 0, 64, 0, 64, 0, 64, 0, 64, 550
push-h-goal: 0, 0, 64, 0, 64, 0, 64, 0, 64, 551
push-h-goal: 0, 0, 64, 0, 64, 0, 64, 0, 64, 552
push-h: 0, 0, 64, 0, 64, 0, 64, 0, 64, 559
push-h: 0, 0, 64, 0, 64, 0, 64, 0, 64, 560
push-h: 0, 0, 64, 0, 64, 0, 64, 0, 64, 561
push-h: 0, 0, 64, 0, 64, 0, 64, 0, 64, 562
push-h: 0, 0, 64, 0, 64, 0, 64, 0, 64, 563
push-h: 0, 0, 64, 0, 64, 0, 64, 0, 64, 564
push-h-goal: 0, 0, 64, 0, 64, 0, 64, 0, 64, 553
push-h-goal: 0, 0, 64, 0, 64, 0, 64, 0, 64, 554
push-h-goal: 0, 0, 64, 0, 64, 0, 64, 0, 64, 555
push-h-goal: 0, 0, 64, 0, 64, 0, 64, 0, 64, 556
push-h-goal: 0, 0, 64, 0, 64, 0, 64, 0, 64, 557
push-h-goal: 0, 0, 64, 0, 64, 0, 64, 0, 64, 558
move-h: 0, 0, 20, 0, 20, 0, 20, 0, 20, 15
move-h: 0, 0, 20, 0, 20, 0, 20, 0, 20, 16
push-h: 0, 0, 64, 0, 64, 0, 64, 0, 64, 565
push-h: 0, 0, 64, 0, 64, 0, 64, 0, 64, 566
push-h: 0, 0, 64, 0, 64, 0, 64, 0, 64, 567
push-h: 0, 0, 64, 0, 64, 0, 64, 0, 64, 568
push-h: 0, 0, 64, 0, 64, 0, 64, 0, 64, 569
push-h: 0, 0, 64, 0, 64, 0, 64, 0, 64, 570
push-h-goal: 0, 0, 64, 0, 64, 0, 64, 0, 64, 559
push-h-goal: 0, 0, 64, 0, 64, 0, 64, 0, 64, 560
push-h-goal: 0, 0, 64, 0, 64, 0, 64, 0, 64, 561
push-h-goal: 0, 0, 64, 0, 64, 0, 64, 0, 64, 562
push-h-goal: 0, 0, 64, 0, 64, 0, 64, 0, 64, 563
push-h-goal: 0, 0, 64, 0, 64, 0, 64, 0, 64, 564
push-h: 0, 0, 64, 0, 64, 0, 64, 0, 64, 571
push-h: 0, 0, 64, 0, 64, 0, 64, 0, 64, 572
push-h: 0, 0, 64, 0, 64, 0, 64, 0, 64, 573
push-h: 0, 0, 64, 0, 64, 0, 64, 0, 64, 574
push-h: 0, 0, 64, 0, 64, 0, 64, 0, 64, 575
push-h: 0, 0, 64, 0, 64, 0, 64, 0, 64, 576
push-h-goal: 0, 0, 64, 0, 64, 0, 64, 0, 64, 565
push-h-goal: 0, 0, 64, 0, 64, 0, 64, 0, 64, 566
push-h-goal: 0, 0, 64, 0, 64, 0, 64, 0, 64, 567
push-h-goal: 0, 0, 64, 0, 64, 0, 64, 0, 64, 568
push-h-goal: 0, 0, 64, 0, 64, 0, 64, 0, 64, 569
push-h-goal: 0, 0, 64, 0, 64, 0, 64, 0, 64, 570
move-h: 0, 0, 20, 0, 20, 0, 20, 0, 20, 17
move-h: 0, 0, 20, 0, 20, 0, 20, 0, 20, 18
push-h: 0, 0, 64, 0, 64, 0, 64, 0, 64, 577
push-h-goal: 0, 0, 64, 0, 64, 0, 64, 0, 64, 571
move-h: 0, 0, 20, 0, 20, 0, 20, 0, 20, 19
push-h: 0, 0, 64, 0, 64, 0, 64, 0, 64, 578
push-h: 0, 0, 64, 0, 64, 0, 64, 0, 64, 579
push-h: 0, 0, 64, 0, 64, 0, 64, 0, 64, 580
push-h: 0, 0, 64, 0, 64, 0, 64, 0, 64, 581
push-h: 0, 0, 64, 0, 64, 0, 64, 0, 64, 582
push-h: 0, 0, 64, 0, 64, 0, 64, 0, 64, 583
push-h-goal: 0, 0, 64, 0, 64, 0, 64, 0, 64, 572
push-h-goal: 0, 0, 64, 0, 64, 0, 64, 0, 64, 573
push-h-goal: 0, 0, 64, 0, 64, 0, 64, 0, 64, 574
push-h-goal: 0, 0, 64, 0, 64, 0, 64, 0, 64, 575
push-h-goal: 0, 0, 64, 0, 64, 0, 64, 0, 64, 576
push-h-goal: 0, 0, 64, 0, 64, 0, 64, 0, 64, 577
push-h: 0, 0, 64, 0, 64, 0, 64, 0, 64, 584
push-h: 0, 0, 64, 0, 64, 0, 64, 0, 64, 585
push-h: 0, 0, 64, 0, 64, 0, 64, 0, 64, 586
push-h: 0, 0, 64, 0, 64, 0, 64, 0, 64, 587
push-h: 0, 0, 64, 0, 64, 0, 64, 0, 64, 588
push-h: 0, 0, 64, 0, 64, 0, 64, 0, 64, 589
push-h-goal: 0, 0, 64, 0, 64, 0, 64, 0, 64, 578
push-h-goal: 0, 0, 64, 0, 64, 0, 64, 0, 64, 579
push-h-goal: 0, 0, 64, 0, 64, 0, 64, 0, 64, 580
push-h-goal: 0, 0, 64, 0, 64, 0, 64, 0, 64, 581
push-h-goal: 0, 0, 64, 0, 64, 0, 64, 0, 64, 582
push-h-goal: 0, 0, 64, 0, 64, 0, 64, 0, 64, 583
push-h: 0, 0, 64, 0, 64, 0, 64, 0, 64, 590
push-h: 0, 0, 64, 0, 64, 0, 64, 0, 64, 591
push-h: 0, 0, 64, 0, 64, 0, 64, 0, 64, 592
push-h: 0, 0, 64, 0, 64, 0, 64, 0, 64, 593
push-h: 0, 0, 64, 0, 64, 0, 64, 0, 64, 594
push-h: 0, 0, 64, 0, 64, 0, 64, 0, 64, 595
push-h-goal: 0, 0, 64, 0, 64, 0, 64, 0, 64, 584
push-h-goal: 0, 0, 64, 0, 64, 0, 64, 0, 64, 585
push-h-goal: 0, 0, 64, 0, 64, 0, 64, 0, 64, 586
push-h-goal: 0, 0, 64, 0, 64, 0, 64, 0, 64, 587
push-h-goal: 0, 0, 64, 0, 64, 0, 64, 0, 64, 588
push-h-goal: 0, 0, 64, 0, 64, 0, 64, 0, 64, 589
move-h: 0, 0, 20, 0, 20, 0, 20, 0, 20, 20
move-h: 0, 0, 20, 0, 20, 0, 20, 0, 20, 21
push-h: 0, 0, 64, 0, 64, 0, 64, 0, 64, 596
push-h: 0, 0, 64, 0, 64, 0, 64, 0, 64, 597
push-h: 0, 0, 64, 0, 64, 0, 64, 0, 64, 598
push-h: 0, 0, 64, 0, 64, 0, 64, 0, 64, 599
push-h: 0, 0, 64, 0, 64, 0, 64, 0, 64, 600
push-h: 0, 0, 64, 0, 64, 0, 64, 0, 64, 601
push-h-goal: 0, 0, 64, 0, 64, 0, 64, 0, 64, 590
push-h-goal: 0, 0, 64, 0, 64, 0, 64, 0, 64, 591
push-h-goal: 0, 0, 64, 0, 64, 0, 64, 0, 64, 592
push-h-goal: 0, 0, 64, 0, 64, 0, 64, 0, 64, 593
push-h-goal: 0, 0, 64, 0, 64, 0, 64, 0, 64, 594
push-h-goal: 0, 0, 64, 0, 64, 0, 64, 0, 64, 595
push-h: 0, 0, 64, 0, 64, 0, 64, 0, 64, 602
push-h: 0, 0, 64, 0, 64, 0, 64, 0, 64, 603
push-h: 0, 0, 64, 0, 64, 0, 64, 0, 64, 604
push-h: 0, 0, 64, 0, 64, 0, 64, 0, 64, 605
push-h: 0, 0, 64, 0, 64, 0, 64, 0, 64, 606
push-h: 0, 0, 64, 0, 64, 0, 64, 0, 64, 607
push-h-goal: 0, 0, 64, 0, 64, 0, 64, 0, 64, 596
push-h-goal: 0, 0, 64, 0, 64, 0, 64, 0, 64, 597
push-h-goal: 0, 0, 64, 0, 64, 0, 64, 0, 64, 598
push-h-goal: 0, 0, 64, 0, 64, 0, 64, 0, 64, 599
push-h-goal: 0, 0, 64, 0, 64, 0, 64, 0, 64, 600
push-h-goal: 0, 0, 64, 0, 64, 0, 64, 0, 64, 601
move-h: 0, 0, 20, 0, 20, 0, 20, 0, 20, 22
move-h: 0, 0, 20, 0, 20, 0, 20, 0, 20, 23
push-h: 0, 0, 64, 0, 64, 0, 64, 0, 64, 608
push-h: 0, 0, 64, 0, 64, 0, 64, 0, 64, 609
push-h: 0, 0, 64, 0, 64, 0, 64, 0, 64, 610
push-h: 0, 0, 64, 0, 64, 0, 64, 0, 64, 611
push-h: 0, 0, 64, 0, 64, 0, 64, 0, 64, 612
push-h: 0, 0, 64, 0, 64, 0, 64, 0, 64, 613
push-h-goal: 0, 0, 64, 0, 64, 0, 64, 0, 64, 602
push-h-goal: 0, 0, 64, 0, 64, 0, 64, 0, 64, 603
push-h-goal: 0, 0, 64, 0, 64, 0, 64, 0, 64, 604
push-h-goal: 0, 0, 64, 0, 64, 0, 64, 0, 64, 605
push-h-goal: 0, 0, 64, 0, 64, 0, 64, 0, 64, 606
push-h-goal: 0, 0, 64, 0, 64, 0, 64, 0, 64, 607
push-h: 0, 0, 64, 0, 64, 0, 64, 0, 64, 614
push-h: 0, 0, 64, 0, 64, 0, 64, 0, 64, 615
push-h: 0, 0, 64, 0, 64, 0, 64, 0, 64, 616
push-h: 0, 0, 64, 0, 64, 0, 64, 0, 64, 617
push-h: 0, 0, 64, 0, 64, 0, 64, 0, 64, 618
push-h: 0, 0, 64, 0, 64, 0, 64, 0, 64, 619
push-h-goal: 0, 0, 64, 0, 64, 0, 64, 0, 64, 608
push-h-goal: 0, 0, 64, 0, 64, 0, 64, 0, 64, 609
push-h-goal: 0, 0, 64, 0, 64, 0, 64, 0, 64, 610
push-h-goal: 0, 0, 64, 0, 64, 0, 64, 0, 64, 611
push-h-goal: 0, 0, 64, 0, 64, 0, 64, 0, 64, 612
push-h-goal: 0, 0, 64, 0, 64, 0, 64, 0, 64, 613
move-h: 0, 0, 20, 0, 20, 0, 20, 0, 20, 24
move-h: 0, 0, 20, 0, 20, 0, 20, 0, 20, 25
push-h: 0, 0, 64, 0, 64, 0, 64, 0, 64, 620
push-h: 0, 0, 64, 0, 64, 0, 64, 0, 64, 621
push-h: 0, 0, 64, 0, 64, 0, 64, 0, 64, 622
push-h: 0, 0, 64, 0, 64, 0, 64, 0, 64, 623
push-h: 0, 0, 64, 0, 64, 0, 64, 0, 64, 624
push-h: 0, 0, 64, 0, 64, 0, 64, 0, 64, 625
push-h-goal: 0, 0, 64, 0, 64, 0, 64, 0, 64, 614
push-h-goal: 0, 0, 64, 0, 64, 0, 64, 0, 64, 615
push-h-goal: 0, 0, 64, 0, 64, 0, 64, 0, 64, 616
push-h-goal: 0, 0, 64, 0, 64, 0, 64, 0, 64, 617
push-h-goal: 0, 0, 64, 0, 64, 0, 64, 0, 64, 618
push-h-goal: 0, 0, 64, 0, 64, 0, 64, 0, 64, 619
push-h: 0, 0, 64, 0, 64, 0, 64, 0, 64, 626
push-h: 0, 0, 64, 0, 64, 0, 64, 0, 64, 627
push-h: 0, 0, 64, 0, 64, 0, 64, 0, 64, 628
push-h: 0, 0, 64, 0, 64, 0, 64, 0, 64, 629
push-h: 0, 0, 64, 0, 64, 0, 64, 0, 64, 630
push-h: 0, 0, 64, 0, 64, 0, 64, 0, 64, 631
push-h-goal: 0, 0, 64, 0, 64, 0, 64, 0, 64, 620
push-h-goal: 0, 0, 64, 0, 64, 0, 64, 0, 64, 621
push-h-goal: 0, 0, 64, 0, 64, 0, 64, 0, 64, 622
push-h-goal: 0, 0, 64, 0, 64, 0, 64, 0, 64, 623
push-h-goal: 0, 0, 64, 0, 64, 0, 64, 0, 64, 624
push-h-goal: 0, 0, 64, 0, 64, 0, 64, 0, 64, 625
move-h: 0, 0, 20, 0, 20, 0, 20, 0, 20, 26
move-h: 0, 0, 20, 0, 20, 0, 20, 0, 20, 27
push-h: 0, 0, 64, 0, 64, 0, 64, 0, 64, 632
push-h-goal: 0, 0, 64, 0, 64, 0, 64, 0, 64, 626
move-h: 0, 0, 20, 0, 20, 0, 20, 0, 20, 28
push-h: 0, 0, 64, 0, 64, 0, 64, 0, 64, 633
push-h: 0, 0, 64, 0, 64, 0, 64, 0, 64, 634
push-h: 0, 0, 64, 0, 64, 0, 64, 0, 64, 635
push-h: 0, 0, 64, 0, 64, 0, 64, 0, 64, 636
push-h: 0, 0, 64, 0, 64, 0, 64, 0, 64, 637
push-h: 0, 0, 64, 0, 64, 0, 64, 0, 64, 638
push-h-goal: 0, 0, 64, 0, 64, 0, 64, 0, 64, 627
push-h-goal: 0, 0, 64, 0, 64, 0, 64, 0, 64, 628
push-h-goal: 0, 0, 64, 0, 64, 0, 64, 0, 64, 629
push-h-goal: 0, 0, 64, 0, 64, 0, 64, 0, 64, 630
push-h-goal: 0, 0, 64, 0, 64, 0, 64, 0, 64, 631
push-h-goal: 0, 0, 64, 0, 64, 0, 64, 0, 64, 632
push-h: 0, 0, 64, 0, 64, 0, 64, 0, 64, 639
push-h: 0, 0, 64, 0, 64, 0, 64, 0, 64, 640
push-h: 0, 0, 64, 0, 64, 0, 64, 0, 64, 641
push-h: 0, 0, 64, 0, 64, 0, 64, 0, 64, 642
push-h: 0, 0, 64, 0, 64, 0, 64, 0, 64, 643
push-h: 0, 0, 64, 0, 64, 0, 64, 0, 64, 644
push-h-goal: 0, 0, 64, 0, 64, 0, 64, 0, 64, 633
push-h-goal: 0, 0, 64, 0, 64, 0, 64, 0, 64, 634
push-h-goal: 0, 0, 64, 0, 64, 0, 64, 0, 64, 635
push-h-goal: 0, 0, 64, 0, 64, 0, 64, 0, 64, 636
push-h-goal: 0, 0, 64, 0, 64, 0, 64, 0, 64, 637
push-h-goal: 0, 0, 64, 0, 64, 0, 64, 0, 64, 638
move-h: 0, 0, 20, 0, 20, 0, 20, 0, 20, 29
move-h: 0, 0, 20, 0, 20, 0, 20, 0, 20, 30
push-h: 0, 0, 64, 0, 64, 0, 64, 0, 64, 645
push-h-goal: 0, 0, 64, 0, 64, 0, 64, 0, 64, 639
move-h: 0, 0, 20, 0, 20, 0, 20, 0, 20, 31
push-h: 0, 0, 64, 0, 64, 0, 64, 0, 64, 646
push-h: 0, 0, 64, 0, 64, 0, 64, 0, 64, 647
push-h: 0, 0, 64, 0, 64, 0, 64, 0, 64, 648
push-h: 0, 0, 64, 0, 64, 0, 64, 0, 64, 649
push-h: 0, 0, 64, 0, 64, 0, 64, 0, 64, 650
push-h: 0, 0, 64, 0, 64, 0, 64, 0, 64, 651
push-h-goal: 0, 0, 64, 0, 64, 0, 64, 0, 64, 640
push-h-goal: 0, 0, 64, 0, 64, 0, 64, 0, 64, 641
push-h-goal: 0, 0, 64, 0, 64, 0, 64, 0, 64, 642
push-h-goal: 0, 0, 64, 0, 64, 0, 64, 0, 64, 643
push-h-goal: 0, 0, 64, 0, 64, 0, 64, 0, 64, 644
push-h-goal: 0, 0, 64, 0, 64, 0, 64, 0, 64, 645
move-h: 0, 0, 20, 0, 20, 0, 20, 0, 20, 32
move-h: 0, 0, 20, 0, 20, 0, 20, 0, 20, 33
push-h: 0, 0, 64, 0, 64, 0, 64, 0, 64, 652
push-h-goal: 0, 0, 64, 0, 64, 0, 64, 0, 64, 646
move-h: 0, 0, 20, 0, 20, 0, 20, 0, 20, 34
push-v: 0, 3, 0, 3, 0, 0, 7, 0, 57, 6
push-v: 0, 3, 0, 3, 0, 0, 7, 0, 57, 7
push-v: 0, 3, 0, 3, 0, 0, 7, 0, 57, 8
push-v: 0, 3, 0, 3, 0, 0, 7, 0, 57, 9
push-v: 0, 3, 0, 3, 0, 0, 7, 0, 57, 10
push-v: 0, 3, 0, 3, 0, 0, 7, 0, 57, 11
push-v: 0, 3, 0, 3, 0, 0, 7, 0, 57, 12
push-v: 0, 3, 0, 3, 0, 0, 7, 0, 57, 12
push-v: 0, 3, 0, 3, 0, 0, 7, 0, 57, 13
push-v: 0, 3, 0, 3, 0, 0, 7, 0, 57, 14
push-v: 0, 3, 0, 3, 0, 0, 7, 0, 57, 15
push-v: 0, 3, 0, 3, 0, 0, 7, 0, 57, 15
push-v: 0, 3, 0, 3, 0, 0, 7, 0, 57, 16
push-v: 0, 3, 0, 3, 0, 0, 7, 0, 57, 17
push-v: 0, 3, 0, 3, 0, 0, 7, 0, 57, 18
push-v: 0, 3, 0, 3, 0, 0, 7, 0, 57, 17
push-v: 0, 3, 0, 3, 0, 0, 7, 0, 57, 18
push-v: 0, 3, 0, 3, 0, 0, 7, 0, 57, 19
push-v: 0, 3, 0, 3, 0, 0, 7, 0, 57, 20
push-v: 0, 3, 0, 3, 0, 0, 7, 0, 57, 21
push-v: 0, 3, 0, 3, 0, 0, 7, 0, 57, 21
push-v-goal: 0, 4, 0, 3, 0, 0, 8, 0, 56, 35
push-v: 0, 3, 0, 3, 0, 0, 7, 0, 57, 22
push-v: 0, 3, 0, 3, 0, 0, 7, 0, 57, 23
push-v: 0, 3, 0, 3, 0, 0, 7, 0, 57, 23
push-v: 0, 3, 0, 3, 0, 0, 7, 0, 57, 24
push-v: 0, 3, 0, 3, 0, 0, 7, 0, 57, 24
push-v: 0, 3, 0, 3, 0, 0, 7, 0, 57, 23
push-v: 0, 3, 0, 3, 0, 0, 7, 0, 57, 24
push-v: 0, 3, 0, 3, 0, 0, 7, 0, 57, 23
push-v: 0, 3, 0, 3, 0, 0, 7, 0, 57, 20
push-v: 0, 3, 0, 3, 0, 0, 7, 0, 57, 19
push-v: 0, 3, 0, 3, 0, 0, 7, 0, 57, 19
push-v-goal: 0, 4, 0, 3, 0, 0, 8, 0, 56, 36
push-v: 0, 3, 0, 3, 0, 0, 7, 0, 57, 19
push-v-goal: 0, 4, 0, 3, 0, 0, 8, 0, 56, 36
push-v: 0, 3, 0, 3, 0, 0, 7, 0, 57, 18
push-v-goal: 0, 4, 0, 3, 0, 0, 8, 0, 56, 37
push-v: 0, 3, 0, 3, 0, 0, 7, 0, 57, 19
push-v: 0, 3, 0, 3, 0, 0, 7, 0, 57, 20
push-v: 0, 3, 0, 3, 0, 0, 7, 0, 57, 20
push-v: 0, 3, 0, 3, 0, 0, 7, 0, 57, 19
push-v: 0, 3, 0, 3, 0, 0, 7, 0, 57, 17
push-v: 0, 3, 0, 3, 0, 0, 7, 0, 57, 18
push-v: 0, 3, 0, 3, 0, 0, 7, 0, 57, 19
push-v: 0, 3, 0, 3, 0, 0, 7, 0, 57, 20
push-v: 0, 3, 0, 3, 0, 0, 7, 0, 57, 21
push-v: 0, 3, 0, 3, 0, 0, 7, 0, 57, 22
push-v: 0, 3, 0, 3, 0, 0, 7, 0, 57, 21
push-v: 0, 3, 0, 3, 0, 0, 7, 0, 57, 21
push-v: 0, 3, 0, 3, 0, 0, 7, 0, 57, 21
push-v: 0, 3, 0, 3, 0, 0, 7, 0, 57, 22
push-v: 0, 3, 0, 3, 0, 0, 7, 0, 57, 23
push-v: 0, 3, 0, 3, 0, 0, 7, 0, 57, 23
push-v: 0, 3, 0, 3, 0, 0, 7, 0, 57, 24
push-v: 0, 3, 0, 3, 0, 0, 7, 0, 57, 25
push-v: 0, 3, 0, 3, 0, 0, 7, 0, 57, 26
push-v: 0, 3, 0, 3, 0, 0, 7, 0, 57, 26
push-v: 0, 3, 0, 3, 0, 0, 7, 0, 57, 27
push-v: 0, 3, 0, 3, 0, 0, 7, 0, 57, 28
push-v: 0, 3, 0, 3, 0, 0, 7, 0, 57, 28
push-v: 0, 3, 0, 3, 0, 0, 7, 0, 57, 29
push-v: 0, 3, 0, 3, 0, 0, 7, 0, 57, 30
push-v: 0, 3, 0, 3, 0, 0, 7, 0, 57, 31
push-v: 0, 3, 0, 3, 0, 0, 7, 0, 57, 32
push-v: 0, 3, 0, 3, 0, 0, 7, 0, 57, 32
push-v: 0, 3, 0, 3, 0, 0, 7, 0, 57, 32
push-v: 0, 3, 0, 3, 0, 0, 7, 0, 57, 33
push-v: 0, 3, 0, 3, 0, 0, 7, 0, 57, 34
push-v: 0, 3, 0, 3, 0, 0, 7, 0, 57, 32
push-v: 0, 3, 0, 3, 0, 0, 7, 0, 57, 32
push-v: 0, 3, 0, 3, 0, 0, 7, 0, 57, 32
push-v: 0, 3, 0, 3, 0, 0, 7, 0, 57, 33
push-v: 0, 3, 0, 3, 0, 0, 7, 0, 57, 32
push-v: 0, 3, 0, 3, 0, 0, 7, 0, 57, 32
push-v: 0, 3, 0, 3, 0, 0, 7, 0, 57, 32
push-v: 0, 3, 0, 3, 0, 0, 7, 0, 57, 31
push-v: 0, 3, 0, 3, 0, 0, 7, 0, 57, 30
push-v: 0, 3, 0, 3, 0, 0, 7, 0, 57, 29
push-v: 0, 3, 0, 3, 0, 0, 7, 0, 57, 30
push-v: 0, 3, 0, 3, 0, 0, 7, 0, 57, 31
push-v: 0, 3, 0, 3, 0, 0, 7, 0, 57, 31
push-v: 0, 3, 0, 3, 0, 0, 7, 0, 57, 32
push-v: 0, 3, 0, 3, 0, 0, 7, 0, 57, 31
push-v: 0, 3, 0, 3, 0, 0, 7, 0, 57, 29
push-v: 0, 3, 0, 3, 0, 0, 7, 0, 57, 29
push-v: 0, 3, 0, 3, 0, 0, 7, 0, 57, 29
push-v: 0, 3, 0, 3, 0, 0, 7, 0, 57, 30
move-v: 0, 2, 0, 2, 0, 0, 4, 0, 16, 10
push-h: 0, 0, 64, 0, 64, 0, 64, 0, 64, 653
push-h: 0, 0, 64, 0, 64, 0, 64, 0, 64, 654
push-h: 0, 0, 64, 0, 64, 0, 64, 0, 64, 655
push-h: 0, 0, 64, 0, 64, 0, 64, 0, 64, 656
push-h: 0, 0, 64, 0, 64, 0, 64, 0, 64, 657
push-h: 0, 0, 64, 0, 64, 0, 64, 0, 64, 658
push-h-goal: 0, 0, 64, 0, 64, 0, 64, 0, 64, 647
push-h-goal: 0, 0, 64, 0, 64, 0, 64, 0, 64, 648
push-h-goal: 0, 0, 64, 0, 64, 0, 64, 0, 64, 649
push-h-goal: 0, 0, 64, 0, 64, 0, 64, 0, 64, 650
push-h-goal: 0, 0, 64, 0, 64, 0, 64, 0, 64, 651
push-h-goal: 0, 0, 64, 0, 64, 0, 64, 0, 64, 652
push-h: 0, 0, 64, 0, 64, 0, 64, 0, 64, 659
push-h: 0, 0, 64, 0, 64, 0, 64, 0, 64, 660
push-h: 0, 0, 64, 0, 64, 0, 64, 0, 64, 661
push-h: 0, 0, 64, 0, 64, 0, 64, 0, 64, 662
push-h: 0, 0, 64, 0, 64, 0, 64, 0, 64, 663
push-h: 0, 0, 64, 0, 64, 0, 64, 0, 64, 664
push-h-goal: 0, 0, 64, 0, 64, 0, 64, 0, 64, 653
push-h-goal: 0, 0, 64, 0, 64, 0, 64, 0, 64, 654
push-h-goal: 0, 0, 64, 0, 64, 0, 64, 0, 64, 655
push-h-goal: 0, 0, 64, 0, 64, 0, 64, 0, 64, 656
push-h-goal: 0, 0, 64, 0, 64, 0, 64, 0, 64, 657
push-h-goal: 0, 0, 64, 0, 64, 0, 64, 0, 64, 658
push-h: 0, 0, 64, 0, 64, 0, 64, 0, 64, 665
push-h: 0, 0, 64, 0, 64, 0, 64, 0, 64, 666
push-h: 0, 0, 64, 0, 64, 0, 64, 0, 64, 667
push-h: 0, 0, 64, 0, 64, 0, 64, 0, 64, 668
push-h: 0, 0, 64, 0, 64, 0, 64, 0, 64, 669
push-h: 0, 0, 64, 0, 64, 0, 64, 0, 64, 670
push-h-goal: 0, 0, 64, 0, 64, 0, 64, 0, 64, 659
push-h-goal: 0, 0, 64, 0, 64, 0, 64, 0, 64, 660
push-h-goal: 0, 0, 64, 0, 64, 0, 64, 0, 64, 661
push-h-goal: 0, 0, 64, 0, 64, 0, 64, 0, 64, 662
push-h-goal: 0, 0, 64, 0, 64, 0, 64, 0, 64, 663
push-h-goal: 0, 0, 64, 0, 64, 0, 64, 0, 64, 664
push-h: 0, 0, 64, 0, 64, 0, 64, 0, 64, 671
push-h: 0, 0, 64, 0, 64, 0, 64, 0, 64, 672
push-h: 0, 0, 64, 0, 64, 0, 64, 0, 64, 673
push-h: 0, 0, 64, 0, 64, 0, 64, 0, 64, 674
push-h: 0, 0, 64, 0, 64, 0, 64, 0, 64, 675
push-h: 0, 0, 64, 0, 64, 0, 64, 0, 64, 676
push-h-goal: 0, 0, 64, 0, 64, 0, 64, 0, 64, 665
push-h-goal: 0, 0, 64, 0, 64, 0, 64, 0, 64, 666
push-h-goal: 0, 0, 64, 0, 64, 0, 64, 0, 64, 667
push-h-goal: 0, 0, 64, 0, 64, 0, 64, 0, 64, 668
push-h-goal: 0, 0, 64, 0, 64, 0, 64, 0, 64, 669
push-h-goal: 0, 0, 64, 0, 64, 0, 64, 0, 64, 670
move-h: 0, 0, 20, 0, 20, 0, 20, 0, 20, 35
move-h: 0, 0, 20, 0, 20, 0, 20, 0, 20, 36
push-v: 0, 3, 0, 3, 0, 0, 7, 0, 57, 31
push-v: 0, 3, 0, 3, 0, 0, 7, 0, 57, 31
push-v: 0, 3, 0, 3, 0, 0, 7, 0, 57, 32
push-v: 0, 3, 0, 3, 0, 0, 7, 0, 57, 33
push-v-goal: 0, 4, 0, 3, 0, 0, 8, 0, 56, 38
push-v: 0, 3, 0, 3, 0, 0, 7, 0, 57, 33
push-v: 0, 3, 0, 3, 0, 0, 7, 0, 57, 34
push-v-goal: 0, 4, 0, 3, 0, 0, 8, 0, 56, 39
push-v: 0, 3, 0, 3, 0, 0, 7, 0, 57, 35
push-v: 0, 3, 0, 3, 0, 0, 7, 0, 57, 30
push-v: 0, 3, 0, 3, 0, 0, 7, 0, 57, 30
push-v: 0, 3, 0, 3, 0, 0, 7, 0, 57, 31
push-v: 0, 3, 0, 3, 0, 0, 7, 0, 57, 30
push-v: 0, 3, 0, 3, 0, 0, 7, 0, 57, 28
push-v: 0, 3, 0, 3, 0, 0, 7, 0, 57, 29
push-v: 0, 3, 0, 3, 0, 0, 7, 0, 57, 30
move-v: 0, 2, 0, 2, 0, 0, 4, 0, 16, 10
push-v-goal: 0, 4, 0, 3, 0, 0, 8, 0, 56, 40
move-v: 0, 2, 0, 2, 0, 0, 4, 0, 16, 11
push-v-goal: 0, 4, 0, 3, 0, 0, 8, 0, 56, 41
move-v: 0, 2, 0, 2, 0, 0, 4, 0, 16, 11
move-v: 0, 2, 0, 2, 0, 0, 4, 0, 16, 9
move-v: 0, 2, 0, 2, 0, 0, 4, 0, 16, 9
push-v: 0, 3, 0, 3, 0, 0, 7, 0, 57, 29
move-v: 0, 2, 0, 2, 0, 0, 4, 0, 16, 9
push-h: 0, 0, 64, 0, 64, 0, 64, 0, 64, 677
push-h: 0, 0, 64, 0, 64, 0, 64, 0, 64, 678
push-h: 0, 0, 64, 0, 64, 0, 64, 0, 64, 679
push-h: 0, 0, 64, 0, 64, 0, 64, 0, 64, 680
push-h: 0, 0, 64, 0, 64, 0, 64, 0, 64, 681
push-h: 0, 0, 64, 0, 64, 0, 64, 0, 64, 682
push-h-goal: 0, 0, 64, 0, 64, 0, 64, 0, 64, 671
push-h-goal: 0, 0, 64, 0, 64, 0, 64, 0, 64, 672
push-h-goal: 0, 0, 64, 0, 64, 0, 64, 0, 64, 673
push-h-goal: 0, 0, 64, 0, 64, 0, 64, 0, 64, 674
push-h-goal: 0, 0, 64, 0, 64, 0, 64, 0, 64, 675
push-h-goal: 0, 0, 64, 0, 64, 0, 64, 0, 64, 676
push-h: 0, 0, 64, 0, 64, 0, 64, 0, 64, 683
push-h: 0, 0, 64, 0, 64, 0, 64, 0, 64, 684
push-h: 0, 0, 64, 0, 64, 0, 64, 0, 64, 685
push-h: 0, 0, 64, 0, 64, 0, 64, 0, 64, 686
push-h: 0, 0, 64, 0, 64, 0, 64, 0, 64, 687
push-h: 0, 0, 64, 0, 64, 0, 64, 0, 64, 688
push-h-goal: 0, 0, 64, 0, 64, 0, 64, 0, 64, 677
push-h-goal: 0, 0, 64, 0, 64, 0, 64, 0, 64, 678
push-h-goal: 0, 0, 64, 0, 64, 0, 64, 0, 64, 679
push-h-goal: 0, 0, 64, 0, 64, 0, 64, 0, 64, 680
push-h-goal: 0, 0, 64, 0, 64, 0, 64, 0, 64, 681
push-h-goal: 0, 0, 64, 0, 64, 0, 64, 0, 64, 682
push-h: 0, 0, 64, 0, 64, 0, 64, 0, 64, 689
push-h: 0, 0, 64, 0, 64, 0, 64, 0, 64, 690
push-h: 0, 0, 64, 0, 64, 0, 64, 0, 64, 691
push-h: 0, 0, 64, 0, 64, 0, 64, 0, 64, 692
push-h: 0, 0, 64, 0, 64, 0, 64, 0, 64, 693
push-h: 0, 0, 64, 0, 64, 0, 64, 0, 64, 694
push-h-goal: 0, 0, 64, 0, 64, 0, 64, 0, 64, 683
push-h-goal: 0, 0, 64, 0, 64, 0, 64, 0, 64, 684
push-h-goal: 0, 0, 64, 0, 64, 0, 64, 0, 64, 685
push-h-goal: 0, 0, 64, 0, 64, 0, 64, 0, 64, 686
push-h-goal: 0, 0, 64, 0, 64, 0, 64, 0, 64, 687
push-h-goal: 0, 0, 64, 0, 64, 0, 64, 0, 64, 688
push-h: 0, 0, 64, 0, 64, 0, 64, 0, 64, 695
push-h: 0, 0, 64, 0, 64, 0, 64, 0, 64, 696
push-h: 0, 0, 64, 0, 64, 0, 64, 0, 64, 697
push-h: 0, 0, 64, 0, 64, 0, 64, 0, 64, 698
push-h: 0, 0, 64, 0, 64, 0, 64, 0, 64, 699
push-h: 0, 0, 64, 0, 64, 0, 64, 0, 64, 700
push-h-goal: 0, 0, 64, 0, 64, 0, 64, 0, 64, 689
push-h-goal: 0, 0, 64, 0, 64, 0, 64, 0, 64, 690
push-h-goal: 0, 0, 64, 0, 64, 0, 64, 0, 64, 691
push-h-goal: 0, 0, 64, 0, 64, 0, 64, 0, 64, 692
push-h-goal: 0, 0, 64, 0, 64, 0, 64, 0, 64, 693
push-h-goal: 0, 0, 64, 0, 64, 0, 64, 0, 64, 694
push-h: 0, 0, 64, 0, 64, 0, 64, 0, 64, 701
push-h: 0, 0, 64, 0, 64, 0, 64, 0, 64, 702
push-h: 0, 0, 64, 0, 64, 0, 64, 0, 64, 703
push-h: 0, 0, 64, 0, 64, 0, 64, 0, 64, 704
push-h: 0, 0, 64, 0, 64, 0, 64, 0, 64, 705
push-h: 0, 3, 0, 3, 0, 0, 7, 0, 57, 705
push-h-goal: 0, 0, 64, 0, 64, 0, 64, 0, 64, 695
push-h-goal: 0, 0, 64, 0, 64, 0, 64, 0, 64, 696
push-h-goal: 0, 0, 64, 0, 64, 0, 64, 0, 64, 697
push-h-goal: 0, 0, 64, 0, 64, 0, 64, 0, 64, 698
push-h-goal: 0, 0, 64, 0, 64, 0, 64, 0, 64, 699
push-h-goal: 0, 0, 64, 0, 64, 0, 64, 0, 64, 700
push-h-goal: 0, 0, 64, 0, 64, 0, 64, 0, 64, 701
push-h-goal: 0, 0, 64, 0, 64, 0, 64, 0, 64, 702
push-h-goal: 0, 0, 64, 0, 64, 0, 64, 0, 64, 703
push-h-goal: 0, 0, 64, 0, 64, 0, 64, 0, 64, 704
push-h-goal: 0, 0, 64, 0, 64, 0, 64, 0, 64, 705
push-h-goal: 0, 0, 64, 0, 64, 0, 64, 0, 64, 706
push-h-goal: 0, 0, 64, 0, 64, 0, 64, 0, 64, 707
push-h-goal: 0, 0, 64, 0, 64, 0, 64, 0, 64, 708
push-h-goal: 0, 0, 64, 0, 64, 0, 64, 0, 64, 709
push-h-goal: 0, 0, 64, 0, 64, 0, 64, 0, 64, 710
push-h-goal: 0, 0, 64, 0, 64, 0, 64, 0, 64, 711
push-h-goal: 0, 0, 64, 0, 64, 0, 64, 0, 64, 712
push-h-goal: 0, 0, 64, 0, 64, 0, 64, 0, 64, 713
push-h-goal: 0, 0, 64, 0, 64, 0, 64, 0, 64, 714
push-h-goal: 0, 0, 64, 0, 64, 0, 64, 0, 64, 715
push-h-goal: 0, 0, 64, 0, 64, 0, 64, 0, 64, 716
push-h-goal: 0, 0, 64, 0, 64, 0, 64, 0, 64, 717
push-h-goal: 0, 0, 64, 0, 64, 0, 64, 0, 64, 718
push-h-goal: 0, 0, 64, 0, 64, 0, 64, 0, 64, 719
push-h-goal: 0, 0, 64, 0, 64, 0, 64, 0, 64, 720
push-h-goal: 0, 0, 64, 0, 64, 0, 64, 0, 64, 721
push-h-goal: 0, 0, 64, 0, 64, 0, 64, 0, 64, 722
push-h-goal: 0, 0, 64, 0, 64, 0, 64, 0, 64, 723
push-h-goal: 0, 0, 64, 0, 64, 0, 64, 0, 64, 724
push-h-goal: 0, 0, 64, 0, 64, 0, 64, 0, 64, 725
push-h-goal: 0, 0, 64, 0, 64, 0, 64, 0, 64, 726
push-h-goal: 0, 0, 64, 0, 64, 0, 64, 0, 64, 727
push-h-goal: 0, 0, 64, 0, 64, 0, 64, 0, 64, 728
push-h-goal: 0, 0, 64, 0, 64, 0, 64, 0, 64, 729
push-h-goal: 0, 0, 64, 0, 64, 0, 64, 0, 64, 730
push-h-goal: 0, 0, 64, 0, 64, 0, 64, 0, 64, 731
push-h-goal: 0, 0, 64, 0, 64, 0, 64, 0, 64, 732
push-h-goal: 0, 0, 64, 0, 64, 0, 64, 0, 64, 733
push-h-goal: 0, 0, 64, 0, 64, 0, 64, 0, 64, 734
push-h-goal: 0, 0, 64, 0, 64, 0, 64, 0, 64, 735
push-h-goal: 0, 0, 64, 0, 64, 0, 64, 0, 64, 736
push-h-goal: 0, 0, 64, 0, 64, 0, 64, 0, 64, 737
push-h-goal: 0, 0, 64, 0, 64, 0, 64, 0, 64, 738
push-h-goal: 0, 0, 64, 0, 64, 0, 64, 0, 64, 739
push-h-goal: 0, 0, 64, 0, 64, 0, 64, 0, 64, 740
push-h-goal: 0, 0, 64, 0, 64, 0, 64, 0, 64, 741
push-h-goal: 0, 0, 64, 0, 64, 0, 64, 0, 64, 742
push-h-goal: 0, 0, 64, 0, 64, 0, 64, 0, 64, 743
push-h-goal: 0, 0, 64, 0, 64, 0, 64, 0, 64, 744
push-h-goal: 0, 0, 64, 0, 64, 0, 64, 0, 64, 745
push-h-goal: 0, 0, 64, 0, 64, 0, 64, 0, 64, 746
push-h-goal: 0, 0, 64, 0, 64, 0, 64, 0, 64, 747
push-h-goal: 0, 0, 64, 0, 64, 0, 64, 0, 64, 748
push-h-goal: 0, 0, 64, 0, 64, 0, 64, 0, 64, 749
push-h-goal: 0, 0, 64, 0, 64, 0, 64, 0, 64, 750
push-h-goal: 0, 0, 64, 0, 64, 0, 64, 0, 64, 751
push-h-goal: 0, 0, 64, 0, 64, 0, 64, 0, 64, 752
push-h-goal: 0, 0, 64, 0, 64, 0, 64, 0, 64, 753
push-h-goal: 0, 0, 64, 0, 64, 0, 64, 0, 64, 754
push-h-goal: 0, 0, 64, 0, 64, 0, 64, 0, 64, 755
push-h-goal: 0, 0, 64, 0, 64, 0, 64, 0, 64, 756
push-h-goal: 0, 0, 64, 0, 64, 0, 64, 0, 64, 757
push-h-goal: 0, 0, 64, 0, 64, 0, 64, 0, 64, 758
push-h-goal: 0, 0, 64, 0, 64, 0, 64, 0, 64, 759
push-h-goal: 0, 4, 0, 3, 0, 0, 8, 0, 56, 759
