move-h: 20
move-v: 20
push-h: 64
push-v: 64
push-h-goal: 64
push-v-goal: 64
Step 0
move-h: 0, 20, 0, 20, 0, 20, 0, 20, 0
move-v: 0, 20, 0, 20, 0, 20, 0, 20, 0
push-h: 0, 64, 0, 64, 0, 64, 0, 64, 1
push-h-goal: 0, 64, 0, 64, 0, 64, 0, 64, 0
push-v: 0, 64, 0, 64, 0, 64, 0, 64, 0
push-v-goal: 0, 64, 0, 64, 0, 64, 0, 64, 0
Step 1
move-h: 0, 20, 0, 20, 0, 20, 0, 20, 0
move-v: 0, 20, 0, 20, 0, 20, 0, 20, 0
push-h: 0, 64, 0, 64, 0, 64, 0, 64, 2
push-h-goal: 0, 64, 0, 64, 0, 64, 0, 64, 0
push-v: 0, 64, 0, 64, 0, 64, 0, 64, 0
push-v-goal: 0, 64, 0, 64, 0, 64, 0, 64, 0
Step 2
move-h: 0, 20, 0, 20, 0, 20, 0, 20, 0
move-v: 0, 20, 0, 20, 0, 20, 0, 20, 0
push-h: 0, 64, 0, 64, 0, 64, 0, 64, 3
push-h-goal: 0, 64, 0, 64, 0, 64, 0, 64, 0
push-v: 0, 64, 0, 64, 0, 64, 0, 64, 0
push-v-goal: 0, 64, 0, 64, 0, 64, 0, 64, 0
Step 3
move-h: 0, 20, 0, 20, 0, 20, 0, 20, 0
move-v: 0, 20, 0, 20, 0, 20, 0, 20, 0
push-h: 0, 64, 0, 64, 0, 64, 0, 64, 4
push-h-goal: 0, 64, 0, 64, 0, 64, 0, 64, 0
push-v: 0, 64, 0, 64, 0, 64, 0, 64, 0
push-v-goal: 0, 64, 0, 64, 0, 64, 0, 64, 0
Step 4
move-h: 0, 20, 0, 20, 0, 20, 0, 20, 0
move-v: 0, 20, 0, 20, 0, 20, 0, 20, 0
push-h: 0, 64, 0, 64, 0, 64, 0, 64, 5
push-h-goal: 0, 64, 0, 64, 0, 64, 0, 64, 0
push-v: 0, 64, 0, 64, 0, 64, 0, 64, 0
push-v-goal: 0, 64, 0, 64, 0, 64, 0, 64, 0
Step 5
move-h: 0, 20, 0, 20, 0, 20, 0, 20, 0
move-v: 0, 20, 0, 20, 0, 20, 0, 20, 0
push-h: 0, 64, 0, 64, 0, 64, 0, 64, 6
push-h-goal: 0, 64, 0, 64, 0, 64, 0, 64, 0
push-v: 0, 64, 0, 64, 0, 64, 0, 64, 0
push-v-goal: 0, 64, 0, 64, 0, 64, 0, 64, 0
Step 6
move-h: 0, 20, 0, 20, 0, 20, 0, 20, 0
move-v: 0, 20, 0, 20, 0, 20, 0, 20, 0
push-h: 0, 64, 0, 64, 0, 64, 0, 64, 6
push-h-goal: 0, 64, 0, 64, 0, 64, 0, 64, 0
push-v: 0, 64, 0, 64, 0, 64, 0, 64, 1
push-v-goal: 0, 64, 0, 64, 0, 64, 0, 64, 0
Step 7
move-h: 0, 20, 0, 20, 0, 20, 0, 20, 0
move-v: 0, 20, 0, 20, 0, 20, 0, 20, 0
push-h: 0, 64, 0, 64, 0, 64, 0, 64, 6
push-h-goal: 0, 64, 0, 64, 0, 64, 0, 64, 0
push-v: 0, 64, 0, 64, 0, 64, 0, 64, 2
push-v-goal: 0, 64, 0, 64, 0, 64, 0, 64, 0
Step 8
move-h: 0, 20, 0, 20, 0, 20, 0, 20, 0
move-v: 0, 20, 0, 20, 0, 20, 0, 20, 0
push-h: 0, 64, 0, 64, 0, 64, 0, 64, 6
push-h-goal: 0, 64, 0, 64, 0, 64, 0, 64, 0
push-v: 0, 64, 0, 64, 0, 64, 0, 64, 3
push-v-goal: 0, 64, 0, 64, 0, 64, 0, 64, 0
Step 9
move-h: 0, 20, 0, 20, 0, 20, 0, 20, 0
move-v: 0, 20, 0, 20, 0, 20, 0, 20, 0
push-h: 0, 64, 0, 64, 0, 64, 0, 64, 6
push-h-goal: 0, 64, 0, 64, 0, 64, 0, 64, 0
push-v: 0, 64, 0, 64, 0, 64, 0, 64, 4
push-v-goal: 0, 64, 0, 64, 0, 64, 0, 64, 0
Step 10
move-h: 0, 20, 0, 20, 0, 20, 0, 20, 0
move-v: 0, 20, 0, 20, 0, 20, 0, 20, 0
push-h: 0, 64, 0, 64, 0, 64, 0, 64, 6
push-h-goal: 0, 64, 0, 64, 0, 64, 0, 64, 0
push-v: 0, 64, 0, 64, 0, 64, 0, 64, 5
push-v-goal: 0, 64, 0, 64, 0, 64, 0, 64, 0
Step 11
move-h: 0, 20, 0, 20, 0, 20, 0, 20, 0
move-v: 0, 20, 0, 20, 0, 20, 0, 20, 0
push-h: 0, 64, 0, 64, 0, 64, 0, 64, 6
push-h-goal: 0, 64, 0, 64, 0, 64, 0, 64, 0
push-v: 0, 64, 0, 64, 0, 64, 0, 64, 6
push-v-goal: 0, 64, 0, 64, 0, 64, 0, 64, 0
Step 12
move-h: 0, 20, 0, 20, 0, 20, 0, 20, 0
move-v: 0, 20, 0, 20, 0, 20, 0, 20, 0
push-h: 0, 64, 0, 64, 0, 64, 0, 64, 6
push-h-goal: 0, 64, 0, 64, 0, 64, 0, 64, 1
push-v: 0, 64, 0, 64, 0, 64, 0, 64, 6
push-v-goal: 0, 64, 0, 64, 0, 64, 0, 64, 0
Step 13
move-h: 0, 20, 0, 20, 0, 20, 0, 20, 0
move-v: 0, 20, 0, 20, 0, 20, 0, 20, 0
push-h: 0, 64, 0, 64, 0, 64, 0, 64, 6
push-h-goal: 0, 64, 0, 64, 0, 64, 0, 64, 2
push-v: 0, 64, 0, 64, 0, 64, 0, 64, 6
push-v-goal: 0, 64, 0, 64, 0, 64, 0, 64, 0
Step 14
move-h: 0, 20, 0, 20, 0, 20, 0, 20, 0
move-v: 0, 20, 0, 20, 0, 20, 0, 20, 0
push-h: 0, 64, 0, 64, 0, 64, 0, 64, 6
push-h-goal: 0, 64, 0, 64, 0, 64, 0, 64, 3
push-v: 0, 64, 0, 64, 0, 64, 0, 64, 6
push-v-goal: 0, 64, 0, 64, 0, 64, 0, 64, 0
Step 15
move-h: 0, 20, 0, 20, 0, 20, 0, 20, 0
move-v: 0, 20, 0, 20, 0, 20, 0, 20, 0
push-h: 0, 64, 0, 64, 0, 64, 0, 64, 6
push-h-goal: 0, 64, 0, 64, 0, 64, 0, 64, 4
push-v: 0, 64, 0, 64, 0, 64, 0, 64, 6
push-v-goal: 0, 64, 0, 64, 0, 64, 0, 64, 0
Step 16
move-h: 0, 20, 0, 20, 0, 20, 0, 20, 0
move-v: 0, 20, 0, 20, 0, 20, 0, 20, 0
push-h: 0, 64, 0, 64, 0, 64, 0, 64, 6
push-h-goal: 0, 64, 0, 64, 0, 64, 0, 64, 5
push-v: 0, 64, 0, 64, 0, 64, 0, 64, 6
push-v-goal: 0, 64, 0, 64, 0, 64, 0, 64, 0
Step 17
move-h: 0, 20, 0, 20, 0, 20, 0, 20, 0
move-v: 0, 20, 0, 20, 0, 20, 0, 20, 0
push-h: 0, 64, 0, 64, 0, 64, 0, 64, 6
push-h-goal: 0, 64, 0, 64, 0, 64, 0, 64, 6
push-v: 0, 64, 0, 64, 0, 64, 0, 64, 6
push-v-goal: 0, 64, 0, 64, 0, 64, 0, 64, 0
Step 18
move-h: 0, 20, 0, 20, 0, 20, 0, 20, 0
move-v: 0, 20, 0, 20, 0, 20, 0, 20, 0
push-h: 0, 64, 0, 64, 0, 64, 0, 64, 6
push-h-goal: 0, 64, 0, 64, 0, 64, 0, 64, 6
push-v: 0, 64, 0, 64, 0, 64, 0, 64, 6
push-v-goal: 0, 64, 0, 64, 0, 64, 0, 64, 1
Step 19
move-h: 0, 20, 0, 20, 0, 20, 0, 20, 0
move-v: 0, 20, 0, 20, 0, 20, 0, 20, 0
push-h: 0, 64, 0, 64, 0, 64, 0, 64, 6
push-h-goal: 0, 64, 0, 64, 0, 64, 0, 64, 6
push-v: 0, 64, 0, 64, 0, 64, 0, 64, 6
push-v-goal: 0, 64, 0, 64, 0, 64, 0, 64, 2
Step 20
move-h: 0, 20, 0, 20, 0, 20, 0, 20, 0
move-v: 0, 20, 0, 20, 0, 20, 0, 20, 0
push-h: 0, 64, 0, 64, 0, 64, 0, 64, 6
push-h-goal: 0, 64, 0, 64, 0, 64, 0, 64, 6
push-v: 0, 64, 0, 64, 0, 64, 0, 64, 6
push-v-goal: 0, 64, 0, 64, 0, 64, 0, 64, 3
Step 21
move-h: 0, 20, 0, 20, 0, 20, 0, 20, 0
move-v: 0, 20, 0, 20, 0, 20, 0, 20, 0
push-h: 0, 64, 0, 64, 0, 64, 0, 64, 6
push-h-goal: 0, 64, 0, 64, 0, 64, 0, 64, 6
push-v: 0, 64, 0, 64, 0, 64, 0, 64, 6
push-v-goal: 0, 64, 0, 64, 0, 64, 0, 64, 4
Step 22
move-h: 0, 20, 0, 20, 0, 20, 0, 20, 0
move-v: 0, 20, 0, 20, 0, 20, 0, 20, 0
push-h: 0, 64, 0, 64, 0, 64, 0, 64, 6
push-h-goal: 0, 64, 0, 64, 0, 64, 0, 64, 6
push-v: 0, 64, 0, 64, 0, 64, 0, 64, 6
push-v-goal: 0, 64, 0, 64, 0, 64, 0, 64, 5
Step 23
move-h: 0, 20, 0, 20, 0, 20, 0, 20, 0
move-v: 0, 20, 0, 20, 0, 20, 0, 20, 0
push-h: 0, 64, 0, 64, 0, 64, 0, 64, 6
push-h-goal: 0, 64, 0, 64, 0, 64, 0, 64, 6
push-v: 0, 64, 0, 64, 0, 64, 0, 64, 6
push-v-goal: 0, 64, 0, 64, 0, 64, 0, 64, 6
Step 24
move-h: 0, 20, 0, 20, 0, 20, 0, 20, 0
move-v: 0, 20, 0, 20, 0, 20, 0, 20, 0
push-h: 0, 64, 0, 64, 0, 64, 0, 64, 7
push-h-goal: 0, 64, 0, 64, 0, 64, 0, 64, 6
push-v: 0, 64, 0, 64, 0, 64, 0, 64, 6
push-v-goal: 0, 64, 0, 64, 0, 64, 0, 64, 6
Step 25
move-h: 0, 20, 0, 20, 0, 20, 0, 20, 0
move-v: 0, 20, 0, 20, 0, 20, 0, 20, 0
push-h: 0, 64, 0, 64, 0, 64, 0, 64, 8
push-h-goal: 0, 64, 0, 64, 0, 64, 0, 64, 6
push-v: 0, 64, 0, 64, 0, 64, 0, 64, 6
push-v-goal: 0, 64, 0, 64, 0, 64, 0, 64, 6
Step 26
move-h: 0, 20, 0, 20, 0, 20, 0, 20, 0
move-v: 0, 20, 0, 20, 0, 20, 0, 20, 0
push-h: 0, 64, 0, 64, 0, 64, 0, 64, 9
push-h-goal: 0, 64, 0, 64, 0, 64, 0, 64, 6
push-v: 0, 64, 0, 64, 0, 64, 0, 64, 6
push-v-goal: 0, 64, 0, 64, 0, 64, 0, 64, 6
Step 27
move-h: 0, 20, 0, 20, 0, 20, 0, 20, 0
move-v: 0, 20, 0, 20, 0, 20, 0, 20, 0
push-h: 0, 64, 0, 64, 0, 64, 0, 64, 10
push-h-goal: 0, 64, 0, 64, 0, 64, 0, 64, 6
push-v: 0, 64, 0, 64, 0, 64, 0, 64, 6
push-v-goal: 0, 64, 0, 64, 0, 64, 0, 64, 6
Step 28
move-h: 0, 20, 0, 20, 0, 20, 0, 20, 0
move-v: 0, 20, 0, 20, 0, 20, 0, 20, 0
push-h: 0, 64, 0, 64, 0, 64, 0, 64, 11
push-h-goal: 0, 64, 0, 64, 0, 64, 0, 64, 6
push-v: 0, 64, 0, 64, 0, 64, 0, 64, 6
push-v-goal: 0, 64, 0, 64, 0, 64, 0, 64, 6
Step 29
move-h: 0, 20, 0, 20, 0, 20, 0, 20, 0
move-v: 0, 20, 0, 20, 0, 20, 0, 20, 0
push-h: 0, 64, 0, 64, 0, 64, 0, 64, 12
push-h-goal: 0, 64, 0, 64, 0, 64, 0, 64, 6
push-v: 0, 64, 0, 64, 0, 64, 0, 64, 6
push-v-goal: 0, 64, 0, 64, 0, 64, 0, 64, 6
Step 30
move-h: 0, 20, 0, 20, 0, 20, 0, 20, 0
move-v: 0, 20, 0, 20, 0, 20, 0, 20, 0
push-h: 0, 64, 0, 64, 0, 64, 0, 64, 12
push-h-goal: 0, 64, 0, 64, 0, 64, 0, 64, 6
push-v: 0, 64, 0, 64, 0, 64, 0, 64, 7
push-v-goal: 0, 64, 0, 64, 0, 64, 0, 64, 6
Step 31
move-h: 0, 20, 0, 20, 0, 20, 0, 20, 0
move-v: 0, 20, 0, 20, 0, 20, 0, 20, 0
push-h: 0, 64, 0, 64, 0, 64, 0, 64, 12
push-h-goal: 0, 64, 0, 64, 0, 64, 0, 64, 6
push-v: 0, 64, 0, 64, 0, 64, 0, 64, 8
push-v-goal: 0, 64, 0, 64, 0, 64, 0, 64, 6
Step 32
move-h: 0, 20, 0, 20, 0, 20, 0, 20, 0
move-v: 0, 20, 0, 20, 0, 20, 0, 20, 0
push-h: 0, 64, 0, 64, 0, 64, 0, 64, 12
push-h-goal: 0, 64, 0, 64, 0, 64, 0, 64, 6
push-v: 0, 64, 0, 64, 0, 64, 0, 64, 9
push-v-goal: 0, 64, 0, 64, 0, 64, 0, 64, 6
Step 33
move-h: 0, 20, 0, 20, 0, 20, 0, 20, 0
move-v: 0, 20, 0, 20, 0, 20, 0, 20, 0
push-h: 0, 64, 0, 64, 0, 64, 0, 64, 12
push-h-goal: 0, 64, 0, 64, 0, 64, 0, 64, 6
push-v: 0, 64, 0, 64, 0, 64, 0, 64, 10
push-v-goal: 0, 64, 0, 64, 0, 64, 0, 64, 6
Step 34
move-h: 0, 20, 0, 20, 0, 20, 0, 20, 0
move-v: 0, 20, 0, 20, 0, 20, 0, 20, 0
push-h: 0, 64, 0, 64, 0, 64, 0, 64, 12
push-h-goal: 0, 64, 0, 64, 0, 64, 0, 64, 6
push-v: 0, 64, 0, 64, 0, 64, 0, 64, 11
push-v-goal: 0, 64, 0, 64, 0, 64, 0, 64, 6
Step 35
move-h: 0, 20, 0, 20, 0, 20, 0, 20, 0
move-v: 0, 20, 0, 20, 0, 20, 0, 20, 0
push-h: 0, 64, 0, 64, 0, 64, 0, 64, 12
push-h-goal: 0, 64, 0, 64, 0, 64, 0, 64, 6
push-v: 0, 64, 0, 64, 0, 64, 0, 64, 12
push-v-goal: 0, 64, 0, 64, 0, 64, 0, 64, 6
Step 36
move-h: 0, 20, 0, 20, 0, 20, 0, 20, 0
move-v: 0, 20, 0, 20, 0, 20, 0, 20, 0
push-h: 0, 64, 0, 64, 0, 64, 0, 64, 12
push-h-goal: 0, 64, 0, 64, 0, 64, 0, 64, 7
push-v: 0, 64, 0, 64, 0, 64, 0, 64, 12
push-v-goal: 0, 64, 0, 64, 0, 64, 0, 64, 6
Step 37
move-h: 0, 20, 0, 20, 0, 20, 0, 20, 0
move-v: 0, 20, 0, 20, 0, 20, 0, 20, 0
push-h: 0, 64, 0, 64, 0, 64, 0, 64, 12
push-h-goal: 0, 64, 0, 64, 0, 64, 0, 64, 8
push-v: 0, 64, 0, 64, 0, 64, 0, 64, 12
push-v-goal: 0, 64, 0, 64, 0, 64, 0, 64, 6
Step 38
move-h: 0, 20, 0, 20, 0, 20, 0, 20, 0
move-v: 0, 20, 0, 20, 0, 20, 0, 20, 0
push-h: 0, 64, 0, 64, 0, 64, 0, 64, 12
push-h-goal: 0, 64, 0, 64, 0, 64, 0, 64, 9
push-v: 0, 64, 0, 64, 0, 64, 0, 64, 12
push-v-goal: 0, 64, 0, 64, 0, 64, 0, 64, 6
Step 39
move-h: 0, 20, 0, 20, 0, 20, 0, 20, 0
move-v: 0, 20, 0, 20, 0, 20, 0, 20, 0
push-h: 0, 64, 0, 64, 0, 64, 0, 64, 12
push-h-goal: 0, 64, 0, 64, 0, 64, 0, 64, 10
push-v: 0, 64, 0, 64, 0, 64, 0, 64, 12
push-v-goal: 0, 64, 0, 64, 0, 64, 0, 64, 6
Step 40
move-h: 0, 20, 0, 20, 0, 20, 0, 20, 0
move-v: 0, 20, 0, 20, 0, 20, 0, 20, 0
push-h: 0, 64, 0, 64, 0, 64, 0, 64, 12
push-h-goal: 0, 64, 0, 64, 0, 64, 0, 64, 11
push-v: 0, 64, 0, 64, 0, 64, 0, 64, 12
push-v-goal: 0, 64, 0, 64, 0, 64, 0, 64, 6
Step 41
move-h: 0, 20, 0, 20, 0, 20, 0, 20, 0
move-v: 0, 20, 0, 20, 0, 20, 0, 20, 0
push-h: 0, 64, 0, 64, 0, 64, 0, 64, 12
push-h-goal: 0, 64, 0, 64, 0, 64, 0, 64, 12
push-v: 0, 64, 0, 64, 0, 64, 0, 64, 12
push-v-goal: 0, 64, 0, 64, 0, 64, 0, 64, 6
Step 42
move-h: 0, 20, 0, 20, 0, 20, 0, 20, 0
move-v: 0, 20, 0, 20, 0, 20, 0, 20, 0
push-h: 0, 64, 0, 64, 0, 64, 0, 64, 12
push-h-goal: 0, 64, 0, 64, 0, 64, 0, 64, 12
push-v: 0, 64, 0, 64, 0, 64, 0, 64, 12
push-v-goal: 0, 64, 0, 64, 0, 64, 0, 64, 7
Step 43
move-h: 0, 20, 0, 20, 0, 20, 0, 20, 0
move-v: 0, 20, 0, 20, 0, 20, 0, 20, 0
push-h: 0, 64, 0, 64, 0, 64, 0, 64, 12
push-h-goal: 0, 64, 0, 64, 0, 64, 0, 64, 12
push-v: 0, 64, 0, 64, 0, 64, 0, 64, 12
push-v-goal: 0, 64, 0, 64, 0, 64, 0, 64, 8
Step 44
move-h: 0, 20, 0, 20, 0, 20, 0, 20, 0
move-v: 0, 20, 0, 20, 0, 20, 0, 20, 0
push-h: 0, 64, 0, 64, 0, 64, 0, 64, 12
push-h-goal: 0, 64, 0, 64, 0, 64, 0, 64, 12
push-v: 0, 64, 0, 64, 0, 64, 0, 64, 12
push-v-goal: 0, 64, 0, 64, 0, 64, 0, 64, 9
Step 45
move-h: 0, 20, 0, 20, 0, 20, 0, 20, 0
move-v: 0, 20, 0, 20, 0, 20, 0, 20, 0
push-h: 0, 64, 0, 64, 0, 64, 0, 64, 12
push-h-goal: 0, 64, 0, 64, 0, 64, 0, 64, 12
push-v: 0, 64, 0, 64, 0, 64, 0, 64, 12
push-v-goal: 0, 64, 0, 64, 0, 64, 0, 64, 10
Step 46
move-h: 0, 20, 0, 20, 0, 20, 0, 20, 0
move-v: 0, 20, 0, 20, 0, 20, 0, 20, 0
push-h: 0, 64, 0, 64, 0, 64, 0, 64, 12
push-h-goal: 0, 64, 0, 64, 0, 64, 0, 64, 12
push-v: 0, 64, 0, 64, 0, 64, 0, 64, 12
push-v-goal: 0, 64, 0, 64, 0, 64, 0, 64, 11
Step 47
move-h: 0, 20, 0, 20, 0, 20, 0, 20, 0
move-v: 0, 20, 0, 20, 0, 20, 0, 20, 0
push-h: 0, 64, 0, 64, 0, 64, 0, 64, 12
push-h-goal: 0, 64, 0, 64, 0, 64, 0, 64, 12
push-v: 0, 64, 0, 64, 0, 64, 0, 64, 12
push-v-goal: 0, 64, 0, 64, 0, 64, 0, 64, 12
Step 48
move-h: 0, 20, 0, 20, 0, 20, 0, 20, 0
move-v: 0, 20, 0, 20, 0, 20, 0, 20, 0
push-h: 0, 64, 0, 64, 0, 64, 0, 64, 13
push-h-goal: 0, 64, 0, 64, 0, 64, 0, 64, 12
push-v: 0, 64, 0, 64, 0, 64, 0, 64, 12
push-v-goal: 0, 64, 0, 64, 0, 64, 0, 64, 12
Step 49
move-h: 0, 20, 0, 20, 0, 20, 0, 20, 0
move-v: 0, 20, 0, 20, 0, 20, 0, 20, 0
push-h: 0, 64, 0, 64, 0, 64, 0, 64, 14
push-h-goal: 0, 64, 0, 64, 0, 64, 0, 64, 12
push-v: 0, 64, 0, 64, 0, 64, 0, 64, 12
push-v-goal: 0, 64, 0, 64, 0, 64, 0, 64, 12
Step 50
move-h: 0, 20, 0, 20, 0, 20, 0, 20, 0
move-v: 0, 20, 0, 20, 0, 20, 0, 20, 0
push-h: 0, 64, 0, 64, 0, 64, 0, 64, 15
push-h-goal: 0, 64, 0, 64, 0, 64, 0, 64, 12
push-v: 0, 64, 0, 64, 0, 64, 0, 64, 12
push-v-goal: 0, 64, 0, 64, 0, 64, 0, 64, 12
Step 51
move-h: 0, 20, 0, 20, 0, 20, 0, 20, 0
move-v: 0, 20, 0, 20, 0, 20, 0, 20, 0
push-h: 0, 64, 0, 64, 0, 64, 0, 64, 16
push-h-goal: 0, 64, 0, 64, 0, 64, 0, 64, 12
push-v: 0, 64, 0, 64, 0, 64, 0, 64, 12
push-v-goal: 0, 64, 0, 64, 0, 64, 0, 64, 12
Step 52
move-h: 0, 20, 0, 20, 0, 20, 0, 20, 0
move-v: 0, 20, 0, 20, 0, 20, 0, 20, 0
push-h: 0, 64, 0, 64, 0, 64, 0, 64, 17
push-h-goal: 0, 64, 0, 64, 0, 64, 0, 64, 12
push-v: 0, 64, 0, 64, 0, 64, 0, 64, 12
push-v-goal: 0, 64, 0, 64, 0, 64, 0, 64, 12
Step 53
move-h: 0, 20, 0, 20, 0, 20, 0, 20, 0
move-v: 0, 20, 0, 20, 0, 20, 0, 20, 0
push-h: 0, 64, 0, 64, 0, 64, 0, 64, 18
push-h-goal: 0, 64, 0, 64, 0, 64, 0, 64, 12
push-v: 0, 64, 0, 64, 0, 64, 0, 64, 12
push-v-goal: 0, 64, 0, 64, 0, 64, 0, 64, 12
Step 54
move-h: 0, 20, 0, 20, 0, 20, 0, 20, 0
move-v: 0, 20, 0, 20, 0, 20, 0, 20, 0
push-h: 0, 64, 0, 64, 0, 64, 0, 64, 18
push-h-goal: 0, 64, 0, 64, 0, 64, 0, 64, 12
push-v: 0, 64, 0, 64, 0, 64, 0, 64, 13
push-v-goal: 0, 64, 0, 64, 0, 64, 0, 64, 12
Step 55
move-h: 0, 20, 0, 20, 0, 20, 0, 20, 0
move-v: 0, 20, 0, 20, 0, 20, 0, 20, 0
push-h: 0, 64, 0, 64, 0, 64, 0, 64, 18
push-h-goal: 0, 64, 0, 64, 0, 64, 0, 64, 12
push-v: 0, 64, 0, 64, 0, 64, 0, 64, 14
push-v-goal: 0, 64, 0, 64, 0, 64, 0, 64, 12
Step 56
move-h: 0, 20, 0, 20, 0, 20, 0, 20, 0
move-v: 0, 20, 0, 20, 0, 20, 0, 20, 0
push-h: 0, 64, 0, 64, 0, 64, 0, 64, 18
push-h-goal: 0, 64, 0, 64, 0, 64, 0, 64, 12
push-v: 0, 64, 0, 64, 0, 64, 0, 64, 15
push-v-goal: 0, 64, 0, 64, 0, 64, 0, 64, 12
Step 57
move-h: 0, 20, 0, 20, 0, 20, 0, 20, 0
move-v: 0, 20, 0, 20, 0, 20, 0, 20, 0
push-h: 0, 64, 0, 64, 0, 64, 0, 64, 18
push-h-goal: 0, 64, 0, 64, 0, 64, 0, 64, 12
push-v: 0, 64, 0, 64, 0, 64, 0, 64, 16
push-v-goal: 0, 64, 0, 64, 0, 64, 0, 64, 12
Step 58
move-h: 0, 20, 0, 20, 0, 20, 0, 20, 0
move-v: 0, 20, 0, 20, 0, 20, 0, 20, 0
push-h: 0, 64, 0, 64, 0, 64, 0, 64, 18
push-h-goal: 0, 64, 0, 64, 0, 64, 0, 64, 12
push-v: 0, 64, 0, 64, 0, 64, 0, 64, 17
push-v-goal: 0, 64, 0, 64, 0, 64, 0, 64, 12
Step 59
move-h: 0, 20, 0, 20, 0, 20, 0, 20, 0
move-v: 0, 20, 0, 20, 0, 20, 0, 20, 0
push-h: 0, 64, 0, 64, 0, 64, 0, 64, 18
push-h-goal: 0, 64, 0, 64, 0, 64, 0, 64, 12
push-v: 0, 64, 0, 64, 0, 64, 0, 64, 18
push-v-goal: 0, 64, 0, 64, 0, 64, 0, 64, 12
Step 60
move-h: 0, 20, 0, 20, 0, 20, 0, 20, 0
move-v: 0, 20, 0, 20, 0, 20, 0, 20, 0
push-h: 0, 64, 0, 64, 0, 64, 0, 64, 18
push-h-goal: 0, 64, 0, 64, 0, 64, 0, 64, 13
push-v: 0, 64, 0, 64, 0, 64, 0, 64, 18
push-v-goal: 0, 64, 0, 64, 0, 64, 0, 64, 12
Step 61
move-h: 0, 20, 0, 20, 0, 20, 0, 20, 0
move-v: 0, 20, 0, 20, 0, 20, 0, 20, 0
push-h: 0, 64, 0, 64, 0, 64, 0, 64, 18
push-h-goal: 0, 64, 0, 64, 0, 64, 0, 64, 14
push-v: 0, 64, 0, 64, 0, 64, 0, 64, 18
push-v-goal: 0, 64, 0, 64, 0, 64, 0, 64, 12
Step 62
move-h: 0, 20, 0, 20, 0, 20, 0, 20, 0
move-v: 0, 20, 0, 20, 0, 20, 0, 20, 0
push-h: 0, 64, 0, 64, 0, 64, 0, 64, 18
push-h-goal: 0, 64, 0, 64, 0, 64, 0, 64, 15
push-v: 0, 64, 0, 64, 0, 64, 0, 64, 18
push-v-goal: 0, 64, 0, 64, 0, 64, 0, 64, 12
Step 63
move-h: 0, 20, 0, 20, 0, 20, 0, 20, 0
move-v: 0, 20, 0, 20, 0, 20, 0, 20, 0
push-h: 0, 64, 0, 64, 0, 64, 0, 64, 18
push-h-goal: 0, 64, 0, 64, 0, 64, 0, 64, 16
push-v: 0, 64, 0, 64, 0, 64, 0, 64, 18
push-v-goal: 0, 64, 0, 64, 0, 64, 0, 64, 12
Step 64
move-h: 0, 20, 0, 20, 0, 20, 0, 20, 0
move-v: 0, 20, 0, 20, 0, 20, 0, 20, 0
push-h: 0, 64, 0, 64, 0, 64, 0, 64, 18
push-h-goal: 0, 64, 0, 64, 0, 64, 0, 64, 17
push-v: 0, 64, 0, 64, 0, 64, 0, 64, 18
push-v-goal: 0, 64, 0, 64, 0, 64, 0, 64, 12
Step 65
move-h: 0, 20, 0, 20, 0, 20, 0, 20, 0
move-v: 0, 20, 0, 20, 0, 20, 0, 20, 0
push-h: 0, 64, 0, 64, 0, 64, 0, 64, 18
push-h-goal: 0, 64, 0, 64, 0, 64, 0, 64, 18
push-v: 0, 64, 0, 64, 0, 64, 0, 64, 18
push-v-goal: 0, 64, 0, 64, 0, 64, 0, 64, 12
Step 66
move-h: 0, 20, 0, 20, 0, 20, 0, 20, 0
move-v: 0, 20, 0, 20, 0, 20, 0, 20, 0
push-h: 0, 64, 0, 64, 0, 64, 0, 64, 18
push-h-goal: 0, 64, 0, 64, 0, 64, 0, 64, 18
push-v: 0, 64, 0, 64, 0, 64, 0, 64, 18
push-v-goal: 0, 64, 0, 64, 0, 64, 0, 64, 13
Step 67
move-h: 0, 20, 0, 20, 0, 20, 0, 20, 0
move-v: 0, 20, 0, 20, 0, 20, 0, 20, 0
push-h: 0, 64, 0, 64, 0, 64, 0, 64, 18
push-h-goal: 0, 64, 0, 64, 0, 64, 0, 64, 18
push-v: 0, 64, 0, 64, 0, 64, 0, 64, 18
push-v-goal: 0, 64, 0, 64, 0, 64, 0, 64, 14
Step 68
move-h: 0, 20, 0, 20, 0, 20, 0, 20, 0
move-v: 0, 20, 0, 20, 0, 20, 0, 20, 0
push-h: 0, 64, 0, 64, 0, 64, 0, 64, 18
push-h-goal: 0, 64, 0, 64, 0, 64, 0, 64, 18
push-v: 0, 64, 0, 64, 0, 64, 0, 64, 18
push-v-goal: 0, 64, 0, 64, 0, 64, 0, 64, 15
Step 69
move-h: 0, 20, 0, 20, 0, 20, 0, 20, 0
move-v: 0, 20, 0, 20, 0, 20, 0, 20, 0
push-h: 0, 64, 0, 64, 0, 64, 0, 64, 18
push-h-goal: 0, 64, 0, 64, 0, 64, 0, 64, 18
push-v: 0, 64, 0, 64, 0, 64, 0, 64, 18
push-v-goal: 0, 64, 0, 64, 0, 64, 0, 64, 16
Step 70
move-h: 0, 20, 0, 20, 0, 20, 0, 20, 0
move-v: 0, 20, 0, 20, 0, 20, 0, 20, 0
push-h: 0, 64, 0, 64, 0, 64, 0, 64, 18
push-h-goal: 0, 64, 0, 64, 0, 64, 0, 64, 18
push-v: 0, 64, 0, 64, 0, 64, 0, 64, 18
push-v-goal: 0, 64, 0, 64, 0, 64, 0, 64, 17
Step 71
move-h: 0, 20, 0, 20, 0, 20, 0, 20, 0
move-v: 0, 20, 0, 20, 0, 20, 0, 20, 0
push-h: 0, 64, 0, 64, 0, 64, 0, 64, 18
push-h-goal: 0, 64, 0, 64, 0, 64, 0, 64, 18
push-v: 0, 64, 0, 64, 0, 64, 0, 64, 18
push-v-goal: 0, 64, 0, 64, 0, 64, 0, 64, 18
Step 72
move-h: 0, 20, 0, 20, 0, 20, 0, 20, 0
move-v: 0, 20, 0, 20, 0, 20, 0, 20, 0
push-h: 0, 64, 0, 64, 0, 64, 0, 64, 19
push-h-goal: 0, 64, 0, 64, 0, 64, 0, 64, 18
push-v: 0, 64, 0, 64, 0, 64, 0, 64, 18
push-v-goal: 0, 64, 0, 64, 0, 64, 0, 64, 18
Step 73
move-h: 0, 20, 0, 20, 0, 20, 0, 20, 0
move-v: 0, 20, 0, 20, 0, 20, 0, 20, 0
push-h: 0, 64, 0, 64, 0, 64, 0, 64, 20
push-h-goal: 0, 64, 0, 64, 0, 64, 0, 64, 18
push-v: 0, 64, 0, 64, 0, 64, 0, 64, 18
push-v-goal: 0, 64, 0, 64, 0, 64, 0, 64, 18
Step 74
move-h: 0, 20, 0, 20, 0, 20, 0, 20, 0
move-v: 0, 20, 0, 20, 0, 20, 0, 20, 0
push-h: 0, 64, 0, 64, 0, 64, 0, 64, 21
push-h-goal: 0, 64, 0, 64, 0, 64, 0, 64, 18
push-v: 0, 64, 0, 64, 0, 64, 0, 64, 18
push-v-goal: 0, 64, 0, 64, 0, 64, 0, 64, 18
Step 75
move-h: 0, 20, 0, 20, 0, 20, 0, 20, 0
move-v: 0, 20, 0, 20, 0, 20, 0, 20, 0
push-h: 0, 64, 0, 64, 0, 64, 0, 64, 22
push-h-goal: 0, 64, 0, 64, 0, 64, 0, 64, 18
push-v: 0, 64, 0, 64, 0, 64, 0, 64, 18
push-v-goal: 0, 64, 0, 64, 0, 64, 0, 64, 18
Step 76
move-h: 0, 20, 0, 20, 0, 20, 0, 20, 0
move-v: 0, 20, 0, 20, 0, 20, 0, 20, 0
push-h: 0, 64, 0, 64, 0, 64, 0, 64, 23
push-h-goal: 0, 64, 0, 64, 0, 64, 0, 64, 18
push-v: 0, 64, 0, 64, 0, 64, 0, 64, 18
push-v-goal: 0, 64, 0, 64, 0, 64, 0, 64, 18
Step 77
move-h: 0, 20, 0, 20, 0, 20, 0, 20, 0
move-v: 0, 20, 0, 20, 0, 20, 0, 20, 0
push-h: 0, 64, 0, 64, 0, 64, 0, 64, 24
push-h-goal: 0, 64, 0, 64, 0, 64, 0, 64, 18
push-v: 0, 64, 0, 64, 0, 64, 0, 64, 18
push-v-goal: 0, 64, 0, 64, 0, 64, 0, 64, 18
Step 78
move-h: 0, 20, 0, 20, 0, 20, 0, 20, 0
move-v: 0, 20, 0, 20, 0, 20, 0, 20, 0
push-h: 0, 64, 0, 64, 0, 64, 0, 64, 24
push-h-goal: 0, 64, 0, 64, 0, 64, 0, 64, 18
push-v: 0, 64, 0, 64, 0, 64, 0, 64, 19
push-v-goal: 0, 64, 0, 64, 0, 64, 0, 64, 18
Step 79
move-h: 0, 20, 0, 20, 0, 20, 0, 20, 0
move-v: 0, 20, 0, 20, 0, 20, 0, 20, 0
push-h: 0, 64, 0, 64, 0, 64, 0, 64, 24
push-h-goal: 0, 64, 0, 64, 0, 64, 0, 64, 18
push-v: 0, 64, 0, 64, 0, 64, 0, 64, 20
push-v-goal: 0, 64, 0, 64, 0, 64, 0, 64, 18
Step 80
move-h: 0, 20, 0, 20, 0, 20, 0, 20, 0
move-v: 0, 20, 0, 20, 0, 20, 0, 20, 0
push-h: 0, 64, 0, 64, 0, 64, 0, 64, 24
push-h-goal: 0, 64, 0, 64, 0, 64, 0, 64, 18
push-v: 0, 64, 0, 64, 0, 64, 0, 64, 21
push-v-goal: 0, 64, 0, 64, 0, 64, 0, 64, 18
Step 81
move-h: 0, 20, 0, 20, 0, 20, 0, 20, 0
move-v: 0, 20, 0, 20, 0, 20, 0, 20, 0
push-h: 0, 64, 0, 64, 0, 64, 0, 64, 24
push-h-goal: 0, 64, 0, 64, 0, 64, 0, 64, 18
push-v: 0, 64, 0, 64, 0, 64, 0, 64, 22
push-v-goal: 0, 64, 0, 64, 0, 64, 0, 64, 18
Step 82
move-h: 0, 20, 0, 20, 0, 20, 0, 20, 0
move-v: 0, 20, 0, 20, 0, 20, 0, 20, 0
push-h: 0, 64, 0, 64, 0, 64, 0, 64, 24
push-h-goal: 0, 64, 0, 64, 0, 64, 0, 64, 18
push-v: 0, 64, 0, 64, 0, 64, 0, 64, 23
push-v-goal: 0, 64, 0, 64, 0, 64, 0, 64, 18
Step 83
move-h: 0, 20, 0, 20, 0, 20, 0, 20, 0
move-v: 0, 20, 0, 20, 0, 20, 0, 20, 0
push-h: 0, 64, 0, 64, 0, 64, 0, 64, 24
push-h-goal: 0, 64, 0, 64, 0, 64, 0, 64, 18
push-v: 0, 64, 0, 64, 0, 64, 0, 64, 24
push-v-goal: 0, 64, 0, 64, 0, 64, 0, 64, 18
Step 84
move-h: 0, 20, 0, 20, 0, 20, 0, 20, 0
move-v: 0, 20, 0, 20, 0, 20, 0, 20, 0
push-h: 0, 64, 0, 64, 0, 64, 0, 64, 24
push-h-goal: 0, 64, 0, 64, 0, 64, 0, 64, 19
push-v: 0, 64, 0, 64, 0, 64, 0, 64, 24
push-v-goal: 0, 64, 0, 64, 0, 64, 0, 64, 18
Step 85
move-h: 0, 20, 0, 20, 0, 20, 0, 20, 0
move-v: 0, 20, 0, 20, 0, 20, 0, 20, 0
push-h: 0, 64, 0, 64, 0, 64, 0, 64, 24
push-h-goal: 0, 64, 0, 64, 0, 64, 0, 64, 20
push-v: 0, 64, 0, 64, 0, 64, 0, 64, 24
push-v-goal: 0, 64, 0, 64, 0, 64, 0, 64, 18
Step 86
move-h: 0, 20, 0, 20, 0, 20, 0, 20, 0
move-v: 0, 20, 0, 20, 0, 20, 0, 20, 0
push-h: 0, 64, 0, 64, 0, 64, 0, 64, 24
push-h-goal: 0, 64, 0, 64, 0, 64, 0, 64, 21
push-v: 0, 64, 0, 64, 0, 64, 0, 64, 24
push-v-goal: 0, 64, 0, 64, 0, 64, 0, 64, 18
Step 87
move-h: 0, 20, 0, 20, 0, 20, 0, 20, 0
move-v: 0, 20, 0, 20, 0, 20, 0, 20, 0
push-h: 0, 64, 0, 64, 0, 64, 0, 64, 24
push-h-goal: 0, 64, 0, 64, 0, 64, 0, 64, 22
push-v: 0, 64, 0, 64, 0, 64, 0, 64, 24
push-v-goal: 0, 64, 0, 64, 0, 64, 0, 64, 18
Step 88
move-h: 0, 20, 0, 20, 0, 20, 0, 20, 0
move-v: 0, 20, 0, 20, 0, 20, 0, 20, 0
push-h: 0, 64, 0, 64, 0, 64, 0, 64, 24
push-h-goal: 0, 64, 0, 64, 0, 64, 0, 64, 23
push-v: 0, 64, 0, 64, 0, 64, 0, 64, 24
push-v-goal: 0, 64, 0, 64, 0, 64, 0, 64, 18
Step 89
move-h: 0, 20, 0, 20, 0, 20, 0, 20, 0
move-v: 0, 20, 0, 20, 0, 20, 0, 20, 0
push-h: 0, 64, 0, 64, 0, 64, 0, 64, 24
push-h-goal: 0, 64, 0, 64, 0, 64, 0, 64, 24
push-v: 0, 64, 0, 64, 0, 64, 0, 64, 24
push-v-goal: 0, 64, 0, 64, 0, 64, 0, 64, 18
Step 90
move-h: 0, 20, 0, 20, 0, 20, 0, 20, 0
move-v: 0, 20, 0, 20, 0, 20, 0, 20, 0
push-h: 0, 64, 0, 64, 0, 64, 0, 64, 24
push-h-goal: 0, 64, 0, 64, 0, 64, 0, 64, 24
push-v: 0, 64, 0, 64, 0, 64, 0, 64, 24
push-v-goal: 0, 64, 0, 64, 0, 64, 0, 64, 19
Step 91
move-h: 0, 20, 0, 20, 0, 20, 0, 20, 0
move-v: 0, 20, 0, 20, 0, 20, 0, 20, 0
push-h: 0, 64, 0, 64, 0, 64, 0, 64, 24
push-h-goal: 0, 64, 0, 64, 0, 64, 0, 64, 24
push-v: 0, 64, 0, 64, 0, 64, 0, 64, 24
push-v-goal: 0, 64, 0, 64, 0, 64, 0, 64, 20
Step 92
move-h: 0, 20, 0, 20, 0, 20, 0, 20, 0
move-v: 0, 20, 0, 20, 0, 20, 0, 20, 0
push-h: 0, 64, 0, 64, 0, 64, 0, 64, 24
push-h-goal: 0, 64, 0, 64, 0, 64, 0, 64, 24
push-v: 0, 64, 0, 64, 0, 64, 0, 64, 24
push-v-goal: 0, 64, 0, 64, 0, 64, 0, 64, 21
Step 93
move-h: 0, 20, 0, 20, 0, 20, 0, 20, 0
move-v: 0, 20, 0, 20, 0, 20, 0, 20, 0
push-h: 0, 64, 0, 64, 0, 64, 0, 64, 24
push-h-goal: 0, 64, 0, 64, 0, 64, 0, 64, 24
push-v: 0, 64, 0, 64, 0, 64, 0, 64, 24
push-v-goal: 0, 64, 0, 64, 0, 64, 0, 64, 22
Step 94
move-h: 0, 20, 0, 20, 0, 20, 0, 20, 0
move-v: 0, 20, 0, 20, 0, 20, 0, 20, 0
push-h: 0, 64, 0, 64, 0, 64, 0, 64, 24
push-h-goal: 0, 64, 0, 64, 0, 64, 0, 64, 24
push-v: 0, 64, 0, 64, 0, 64, 0, 64, 24
push-v-goal: 0, 64, 0, 64, 0, 64, 0, 64, 23
Step 95
move-h: 0, 20, 0, 20, 0, 20, 0, 20, 0
move-v: 0, 20, 0, 20, 0, 20, 0, 20, 0
push-h: 0, 64, 0, 64, 0, 64, 0, 64, 24
push-h-goal: 0, 64, 0, 64, 0, 64, 0, 64, 24
push-v: 0, 64, 0, 64, 0, 64, 0, 64, 24
push-v-goal: 0, 64, 0, 64, 0, 64, 0, 64, 24
Step 96
move-h: 0, 20, 0, 20, 0, 20, 0, 20, 0
move-v: 0, 20, 0, 20, 0, 20, 0, 20, 0
push-h: 0, 64, 0, 64, 0, 64, 0, 64, 25
push-h-goal: 0, 64, 0, 64, 0, 64, 0, 64, 24
push-v: 0, 64, 0, 64, 0, 64, 0, 64, 24
push-v-goal: 0, 64, 0, 64, 0, 64, 0, 64, 24
Step 97
move-h: 0, 20, 0, 20, 0, 20, 0, 20, 0
move-v: 0, 20, 0, 20, 0, 20, 0, 20, 0
push-h: 0, 64, 0, 64, 0, 64, 0, 64, 26
push-h-goal: 0, 64, 0, 64, 0, 64, 0, 64, 24
push-v: 0, 64, 0, 64, 0, 64, 0, 64, 24
push-v-goal: 0, 64, 0, 64, 0, 64, 0, 64, 24
Step 98
move-h: 0, 20, 0, 20, 0, 20, 0, 20, 0
move-v: 0, 20, 0, 20, 0, 20, 0, 20, 0
push-h: 0, 64, 0, 64, 0, 64, 0, 64, 27
push-h-goal: 0, 64, 0, 64, 0, 64, 0, 64, 24
push-v: 0, 64, 0, 64, 0, 64, 0, 64, 24
push-v-goal: 0, 64, 0, 64, 0, 64, 0, 64, 24
Step 99
move-h: 0, 20, 0, 20, 0, 20, 0, 20, 0
move-v: 0, 20, 0, 20, 0, 20, 0, 20, 0
push-h: 0, 64, 0, 64, 0, 64, 0, 64, 28
push-h-goal: 0, 64, 0, 64, 0, 64, 0, 64, 24
push-v: 0, 64, 0, 64, 0, 64, 0, 64, 24
push-v-goal: 0, 64, 0, 64, 0, 64, 0, 64, 24
Step 100
move-h: 0, 20, 0, 20, 0, 20, 0, 20, 0
move-v: 0, 20, 0, 20, 0, 20, 0, 20, 0
push-h: 0, 64, 0, 64, 0, 64, 0, 64, 29
push-h-goal: 0, 64, 0, 64, 0, 64, 0, 64, 24
push-v: 0, 64, 0, 64, 0, 64, 0, 64, 24
push-v-goal: 0, 64, 0, 64, 0, 64, 0, 64, 24
Step 101
move-h: 0, 20, 0, 20, 0, 20, 0, 20, 0
move-v: 0, 20, 0, 20, 0, 20, 0, 20, 0
push-h: 0, 64, 0, 64, 0, 64, 0, 64, 30
push-h-goal: 0, 64, 0, 64, 0, 64, 0, 64, 24
push-v: 0, 64, 0, 64, 0, 64, 0, 64, 24
push-v-goal: 0, 64, 0, 64, 0, 64, 0, 64, 24
Step 102
move-h: 0, 20, 0, 20, 0, 20, 0, 20, 0
move-v: 0, 20, 0, 20, 0, 20, 0, 20, 0
push-h: 0, 64, 0, 64, 0, 64, 0, 64, 30
push-h-goal: 0, 64, 0, 64, 0, 64, 0, 64, 24
push-v: 0, 64, 0, 64, 0, 64, 0, 64, 25
push-v-goal: 0, 64, 0, 64, 0, 64, 0, 64, 24
Step 103
move-h: 0, 20, 0, 20, 0, 20, 0, 20, 0
move-v: 0, 20, 0, 20, 0, 20, 0, 20, 0
push-h: 0, 64, 0, 64, 0, 64, 0, 64, 30
push-h-goal: 0, 64, 0, 64, 0, 64, 0, 64, 24
push-v: 0, 64, 0, 64, 0, 64, 0, 64, 26
push-v-goal: 0, 64, 0, 64, 0, 64, 0, 64, 24
Step 104
move-h: 0, 20, 0, 20, 0, 20, 0, 20, 0
move-v: 0, 20, 0, 20, 0, 20, 0, 20, 0
push-h: 0, 64, 0, 64, 0, 64, 0, 64, 30
push-h-goal: 0, 64, 0, 64, 0, 64, 0, 64, 24
push-v: 0, 64, 0, 64, 0, 64, 0, 64, 27
push-v-goal: 0, 64, 0, 64, 0, 64, 0, 64, 24
Step 105
move-h: 0, 20, 0, 20, 0, 20, 0, 20, 0
move-v: 0, 20, 0, 20, 0, 20, 0, 20, 0
push-h: 0, 64, 0, 64, 0, 64, 0, 64, 30
push-h-goal: 0, 64, 0, 64, 0, 64, 0, 64, 24
push-v: 0, 64, 0, 64, 0, 64, 0, 64, 28
push-v-goal: 0, 64, 0, 64, 0, 64, 0, 64, 24
Step 106
move-h: 0, 20, 0, 20, 0, 20, 0, 20, 0
move-v: 0, 20, 0, 20, 0, 20, 0, 20, 0
push-h: 0, 64, 0, 64, 0, 64, 0, 64, 30
push-h-goal: 0, 64, 0, 64, 0, 64, 0, 64, 24
push-v: 0, 64, 0, 64, 0, 64, 0, 64, 29
push-v-goal: 0, 64, 0, 64, 0, 64, 0, 64, 24
Step 107
move-h: 0, 20, 0, 20, 0, 20, 0, 20, 0
move-v: 0, 20, 0, 20, 0, 20, 0, 20, 0
push-h: 0, 64, 0, 64, 0, 64, 0, 64, 30
push-h-goal: 0, 64, 0, 64, 0, 64, 0, 64, 24
push-v: 0, 64, 0, 64, 0, 64, 0, 64, 30
push-v-goal: 0, 64, 0, 64, 0, 64, 0, 64, 24
Step 108
move-h: 0, 20, 0, 20, 0, 20, 0, 20, 0
move-v: 0, 20, 0, 20, 0, 20, 0, 20, 0
push-h: 0, 64, 0, 64, 0, 64, 0, 64, 30
push-h-goal: 0, 64, 0, 64, 0, 64, 0, 64, 25
push-v: 0, 64, 0, 64, 0, 64, 0, 64, 30
push-v-goal: 0, 64, 0, 64, 0, 64, 0, 64, 24
Step 109
move-h: 0, 20, 0, 20, 0, 20, 0, 20, 0
move-v: 0, 20, 0, 20, 0, 20, 0, 20, 0
push-h: 0, 64, 0, 64, 0, 64, 0, 64, 30
push-h-goal: 0, 64, 0, 64, 0, 64, 0, 64, 26
push-v: 0, 64, 0, 64, 0, 64, 0, 64, 30
push-v-goal: 0, 64, 0, 64, 0, 64, 0, 64, 24
Step 110
move-h: 0, 20, 0, 20, 0, 20, 0, 20, 0
move-v: 0, 20, 0, 20, 0, 20, 0, 20, 0
push-h: 0, 64, 0, 64, 0, 64, 0, 64, 30
push-h-goal: 0, 64, 0, 64, 0, 64, 0, 64, 27
push-v: 0, 64, 0, 64, 0, 64, 0, 64, 30
push-v-goal: 0, 64, 0, 64, 0, 64, 0, 64, 24
Step 111
move-h: 0, 20, 0, 20, 0, 20, 0, 20, 0
move-v: 0, 20, 0, 20, 0, 20, 0, 20, 0
push-h: 0, 64, 0, 64, 0, 64, 0, 64, 30
push-h-goal: 0, 64, 0, 64, 0, 64, 0, 64, 28
push-v: 0, 64, 0, 64, 0, 64, 0, 64, 30
push-v-goal: 0, 64, 0, 64, 0, 64, 0, 64, 24
Step 112
move-h: 0, 20, 0, 20, 0, 20, 0, 20, 0
move-v: 0, 20, 0, 20, 0, 20, 0, 20, 0
push-h: 0, 64, 0, 64, 0, 64, 0, 64, 30
push-h-goal: 0, 64, 0, 64, 0, 64, 0, 64, 29
push-v: 0, 64, 0, 64, 0, 64, 0, 64, 30
push-v-goal: 0, 64, 0, 64, 0, 64, 0, 64, 24
Step 113
move-h: 0, 20, 0, 20, 0, 20, 0, 20, 0
move-v: 0, 20, 0, 20, 0, 20, 0, 20, 0
push-h: 0, 64, 0, 64, 0, 64, 0, 64, 30
push-h-goal: 0, 64, 0, 64, 0, 64, 0, 64, 30
push-v: 0, 64, 0, 64, 0, 64, 0, 64, 30
push-v-goal: 0, 64, 0, 64, 0, 64, 0, 64, 24
Step 114
move-h: 0, 20, 0, 20, 0, 20, 0, 20, 0
move-v: 0, 20, 0, 20, 0, 20, 0, 20, 0
push-h: 0, 64, 0, 64, 0, 64, 0, 64, 30
push-h-goal: 0, 64, 0, 64, 0, 64, 0, 64, 30
push-v: 0, 64, 0, 64, 0, 64, 0, 64, 30
push-v-goal: 0, 64, 0, 64, 0, 64, 0, 64, 25
Step 115
move-h: 0, 20, 0, 20, 0, 20, 0, 20, 0
move-v: 0, 20, 0, 20, 0, 20, 0, 20, 0
push-h: 0, 64, 0, 64, 0, 64, 0, 64, 30
push-h-goal: 0, 64, 0, 64, 0, 64, 0, 64, 30
push-v: 0, 64, 0, 64, 0, 64, 0, 64, 30
push-v-goal: 0, 64, 0, 64, 0, 64, 0, 64, 26
Step 116
move-h: 0, 20, 0, 20, 0, 20, 0, 20, 0
move-v: 0, 20, 0, 20, 0, 20, 0, 20, 0
push-h: 0, 64, 0, 64, 0, 64, 0, 64, 30
push-h-goal: 0, 64, 0, 64, 0, 64, 0, 64, 30
push-v: 0, 64, 0, 64, 0, 64, 0, 64, 30
push-v-goal: 0, 64, 0, 64, 0, 64, 0, 64, 27
Step 117
move-h: 0, 20, 0, 20, 0, 20, 0, 20, 0
move-v: 0, 20, 0, 20, 0, 20, 0, 20, 0
push-h: 0, 64, 0, 64, 0, 64, 0, 64, 30
push-h-goal: 0, 64, 0, 64, 0, 64, 0, 64, 30
push-v: 0, 64, 0, 64, 0, 64, 0, 64, 30
push-v-goal: 0, 64, 0, 64, 0, 64, 0, 64, 28
Step 118
move-h: 0, 20, 0, 20, 0, 20, 0, 20, 0
move-v: 0, 20, 0, 20, 0, 20, 0, 20, 0
push-h: 0, 64, 0, 64, 0, 64, 0, 64, 30
push-h-goal: 0, 64, 0, 64, 0, 64, 0, 64, 30
push-v: 0, 64, 0, 64, 0, 64, 0, 64, 30
push-v-goal: 0, 64, 0, 64, 0, 64, 0, 64, 29
Step 119
move-h: 0, 20, 0, 20, 0, 20, 0, 20, 0
move-v: 0, 20, 0, 20, 0, 20, 0, 20, 0
push-h: 0, 64, 0, 64, 0, 64, 0, 64, 30
push-h-goal: 0, 64, 0, 64, 0, 64, 0, 64, 30
push-v: 0, 64, 0, 64, 0, 64, 0, 64, 30
push-v-goal: 0, 64, 0, 64, 0, 64, 0, 64, 30
Step 120
move-h: 0, 20, 0, 20, 0, 20, 0, 20, 0
move-v: 0, 20, 0, 20, 0, 20, 0, 20, 0
push-h: 0, 64, 0, 64, 0, 64, 0, 64, 31
push-h-goal: 0, 64, 0, 64, 0, 64, 0, 64, 30
push-v: 0, 64, 0, 64, 0, 64, 0, 64, 30
push-v-goal: 0, 64, 0, 64, 0, 64, 0, 64, 30
Step 121
move-h: 0, 20, 0, 20, 0, 20, 0, 20, 0
move-v: 0, 20, 0, 20, 0, 20, 0, 20, 0
push-h: 0, 64, 0, 64, 0, 64, 0, 64, 32
push-h-goal: 0, 64, 0, 64, 0, 64, 0, 64, 30
push-v: 0, 64, 0, 64, 0, 64, 0, 64, 30
push-v-goal: 0, 64, 0, 64, 0, 64, 0, 64, 30
Step 122
move-h: 0, 20, 0, 20, 0, 20, 0, 20, 0
move-v: 0, 20, 0, 20, 0, 20, 0, 20, 0
push-h: 0, 64, 0, 64, 0, 64, 0, 64, 33
push-h-goal: 0, 64, 0, 64, 0, 64, 0, 64, 30
push-v: 0, 64, 0, 64, 0, 64, 0, 64, 30
push-v-goal: 0, 64, 0, 64, 0, 64, 0, 64, 30
Step 123
move-h: 0, 20, 0, 20, 0, 20, 0, 20, 0
move-v: 0, 20, 0, 20, 0, 20, 0, 20, 0
push-h: 0, 64, 0, 64, 0, 64, 0, 64, 34
push-h-goal: 0, 64, 0, 64, 0, 64, 0, 64, 30
push-v: 0, 64, 0, 64, 0, 64, 0, 64, 30
push-v-goal: 0, 64, 0, 64, 0, 64, 0, 64, 30
Step 124
move-h: 0, 20, 0, 20, 0, 20, 0, 20, 0
move-v: 0, 20, 0, 20, 0, 20, 0, 20, 0
push-h: 0, 64, 0, 64, 0, 64, 0, 64, 35
push-h-goal: 0, 64, 0, 64, 0, 64, 0, 64, 30
push-v: 0, 64, 0, 64, 0, 64, 0, 64, 30
push-v-goal: 0, 64, 0, 64, 0, 64, 0, 64, 30
Step 125
move-h: 0, 20, 0, 20, 0, 20, 0, 20, 0
move-v: 0, 20, 0, 20, 0, 20, 0, 20, 0
push-h: 0, 64, 0, 64, 0, 64, 0, 64, 36
push-h-goal: 0, 64, 0, 64, 0, 64, 0, 64, 30
push-v: 0, 64, 0, 64, 0, 64, 0, 64, 30
push-v-goal: 0, 64, 0, 64, 0, 64, 0, 64, 30
Step 126
move-h: 0, 20, 0, 20, 0, 20, 0, 20, 0
move-v: 0, 20, 0, 20, 0, 20, 0, 20, 0
push-h: 0, 64, 0, 64, 0, 64, 0, 64, 36
push-h-goal: 0, 64, 0, 64, 0, 64, 0, 64, 30
push-v: 0, 64, 0, 64, 0, 64, 0, 64, 31
push-v-goal: 0, 64, 0, 64, 0, 64, 0, 64, 30
Step 127
move-h: 0, 20, 0, 20, 0, 20, 0, 20, 0
move-v: 0, 20, 0, 20, 0, 20, 0, 20, 0
push-h: 0, 64, 0, 64, 0, 64, 0, 64, 36
push-h-goal: 0, 64, 0, 64, 0, 64, 0, 64, 30
push-v: 0, 64, 0, 64, 0, 64, 0, 64, 32
push-v-goal: 0, 64, 0, 64, 0, 64, 0, 64, 30
Step 128
move-h: 0, 20, 0, 20, 0, 20, 0, 20, 0
move-v: 0, 20, 0, 20, 0, 20, 0, 20, 0
push-h: 0, 64, 0, 64, 0, 64, 0, 64, 36
push-h-goal: 0, 64, 0, 64, 0, 64, 0, 64, 30
push-v: 0, 64, 0, 64, 0, 64, 0, 64, 33
push-v-goal: 0, 64, 0, 64, 0, 64, 0, 64, 30
Step 129
move-h: 0, 20, 0, 20, 0, 20, 0, 20, 0
move-v: 0, 20, 0, 20, 0, 20, 0, 20, 0
push-h: 0, 64, 0, 64, 0, 64, 0, 64, 36
push-h-goal: 0, 64, 0, 64, 0, 64, 0, 64, 30
push-v: 0, 64, 0, 64, 0, 64, 0, 64, 34
push-v-goal: 0, 64, 0, 64, 0, 64, 0, 64, 30
Step 130
move-h: 0, 20, 0, 20, 0, 20, 0, 20, 0
move-v: 0, 20, 0, 20, 0, 20, 0, 20, 0
push-h: 0, 64, 0, 64, 0, 64, 0, 64, 36
push-h-goal: 0, 64, 0, 64, 0, 64, 0, 64, 30
push-v: 0, 64, 0, 64, 0, 64, 0, 64, 35
push-v-goal: 0, 64, 0, 64, 0, 64, 0, 64, 30
Step 131
move-h: 0, 20, 0, 20, 0, 20, 0, 20, 0
move-v: 0, 20, 0, 20, 0, 20, 0, 20, 0
push-h: 0, 64, 0, 64, 0, 64, 0, 64, 36
push-h-goal: 0, 64, 0, 64, 0, 64, 0, 64, 30
push-v: 0, 64, 0, 64, 0, 64, 0, 64, 36
push-v-goal: 0, 64, 0, 64, 0, 64, 0, 64, 30
Step 132
move-h: 0, 20, 0, 20, 0, 20, 0, 20, 0
move-v: 0, 20, 0, 20, 0, 20, 0, 20, 0
push-h: 0, 64, 0, 64, 0, 64, 0, 64, 36
push-h-goal: 0, 64, 0, 64, 0, 64, 0, 64, 31
push-v: 0, 64, 0, 64, 0, 64, 0, 64, 36
push-v-goal: 0, 64, 0, 64, 0, 64, 0, 64, 30
Step 133
move-h: 0, 20, 0, 20, 0, 20, 0, 20, 0
move-v: 0, 20, 0, 20, 0, 20, 0, 20, 0
push-h: 0, 64, 0, 64, 0, 64, 0, 64, 36
push-h-goal: 0, 64, 0, 64, 0, 64, 0, 64, 32
push-v: 0, 64, 0, 64, 0, 64, 0, 64, 36
push-v-goal: 0, 64, 0, 64, 0, 64, 0, 64, 30
Step 134
move-h: 0, 20, 0, 20, 0, 20, 0, 20, 0
move-v: 0, 20, 0, 20, 0, 20, 0, 20, 0
push-h: 0, 64, 0, 64, 0, 64, 0, 64, 36
push-h-goal: 0, 64, 0, 64, 0, 64, 0, 64, 33
push-v: 0, 64, 0, 64, 0, 64, 0, 64, 36
push-v-goal: 0, 64, 0, 64, 0, 64, 0, 64, 30
Step 135
move-h: 0, 20, 0, 20, 0, 20, 0, 20, 0
move-v: 0, 20, 0, 20, 0, 20, 0, 20, 0
push-h: 0, 64, 0, 64, 0, 64, 0, 64, 36
push-h-goal: 0, 64, 0, 64, 0, 64, 0, 64, 34
push-v: 0, 64, 0, 64, 0, 64, 0, 64, 36
push-v-goal: 0, 64, 0, 64, 0, 64, 0, 64, 30
Step 136
move-h: 0, 20, 0, 20, 0, 20, 0, 20, 0
move-v: 0, 20, 0, 20, 0, 20, 0, 20, 0
push-h: 0, 64, 0, 64, 0, 64, 0, 64, 36
push-h-goal: 0, 64, 0, 64, 0, 64, 0, 64, 35
push-v: 0, 64, 0, 64, 0, 64, 0, 64, 36
push-v-goal: 0, 64, 0, 64, 0, 64, 0, 64, 30
Step 137
move-h: 0, 20, 0, 20, 0, 20, 0, 20, 0
move-v: 0, 20, 0, 20, 0, 20, 0, 20, 0
push-h: 0, 64, 0, 64, 0, 64, 0, 64, 36
push-h-goal: 0, 64, 0, 64, 0, 64, 0, 64, 36
push-v: 0, 64, 0, 64, 0, 64, 0, 64, 36
push-v-goal: 0, 64, 0, 64, 0, 64, 0, 64, 30
Step 138
move-h: 0, 20, 0, 20, 0, 20, 0, 20, 0
move-v: 0, 20, 0, 20, 0, 20, 0, 20, 0
push-h: 0, 64, 0, 64, 0, 64, 0, 64, 36
push-h-goal: 0, 64, 0, 64, 0, 64, 0, 64, 36
push-v: 0, 64, 0, 64, 0, 64, 0, 64, 36
push-v-goal: 0, 64, 0, 64, 0, 64, 0, 64, 31
Step 139
move-h: 0, 20, 0, 20, 0, 20, 0, 20, 0
move-v: 0, 20, 0, 20, 0, 20, 0, 20, 0
push-h: 0, 64, 0, 64, 0, 64, 0, 64, 36
push-h-goal: 0, 64, 0, 64, 0, 64, 0, 64, 36
push-v: 0, 64, 0, 64, 0, 64, 0, 64, 36
push-v-goal: 0, 64, 0, 64, 0, 64, 0, 64, 32
Step 140
move-h: 0, 20, 0, 20, 0, 20, 0, 20, 0
move-v: 0, 20, 0, 20, 0, 20, 0, 20, 0
push-h: 0, 64, 0, 64, 0, 64, 0, 64, 36
push-h-goal: 0, 64, 0, 64, 0, 64, 0, 64, 36
push-v: 0, 64, 0, 64, 0, 64, 0, 64, 36
push-v-goal: 0, 64, 0, 64, 0, 64, 0, 64, 33
Step 141
move-h: 0, 20, 0, 20, 0, 20, 0, 20, 0
move-v: 0, 20, 0, 20, 0, 20, 0, 20, 0
push-h: 0, 64, 0, 64, 0, 64, 0, 64, 36
push-h-goal: 0, 64, 0, 64, 0, 64, 0, 64, 36
push-v: 0, 64, 0, 64, 0, 64, 0, 64, 36
push-v-goal: 0, 64, 0, 64, 0, 64, 0, 64, 34
Step 142
move-h: 0, 20, 0, 20, 0, 20, 0, 20, 0
move-v: 0, 20, 0, 20, 0, 20, 0, 20, 0
push-h: 0, 64, 0, 64, 0, 64, 0, 64, 36
push-h-goal: 0, 64, 0, 64, 0, 64, 0, 64, 36
push-v: 0, 64, 0, 64, 0, 64, 0, 64, 36
push-v-goal: 0, 64, 0, 64, 0, 64, 0, 64, 35
Step 143
move-h: 0, 20, 0, 20, 0, 20, 0, 20, 0
move-v: 0, 20, 0, 20, 0, 20, 0, 20, 0
push-h: 0, 64, 0, 64, 0, 64, 0, 64, 36
push-h-goal: 0, 64, 0, 64, 0, 64, 0, 64, 36
push-v: 0, 64, 0, 64, 0, 64, 0, 64, 36
push-v-goal: 0, 64, 0, 64, 0, 64, 0, 64, 36
Step 144
move-h: 0, 20, 0, 20, 0, 20, 0, 20, 0
move-v: 0, 20, 0, 20, 0, 20, 0, 20, 0
push-h: 0, 64, 0, 64, 0, 64, 0, 64, 37
push-h-goal: 0, 64, 0, 64, 0, 64, 0, 64, 36
push-v: 0, 64, 0, 64, 0, 64, 0, 64, 36
push-v-goal: 0, 64, 0, 64, 0, 64, 0, 64, 36
Step 145
move-h: 0, 20, 0, 20, 0, 20, 0, 20, 0
move-v: 0, 20, 0, 20, 0, 20, 0, 20, 0
push-h: 0, 64, 0, 64, 0, 64, 0, 64, 37
push-h-goal: 0, 64, 0, 64, 0, 64, 0, 64, 36
push-v: 0, 64, 0, 64, 0, 64, 0, 64, 37
push-v-goal: 0, 64, 0, 64, 0, 64, 0, 64, 36
Step 146
move-h: 0, 20, 0, 20, 0, 20, 0, 20, 0
move-v: 0, 20, 0, 20, 0, 20, 0, 20, 0
push-h: 0, 64, 0, 64, 0, 64, 0, 64, 37
push-h-goal: 0, 64, 0, 64, 0, 64, 0, 64, 37
push-v: 0, 64, 0, 64, 0, 64, 0, 64, 37
push-v-goal: 0, 64, 0, 64, 0, 64, 0, 64, 36
Step 147
move-h: 0, 20, 0, 20, 0, 20, 0, 20, 0
move-v: 0, 20, 0, 20, 0, 20, 0, 20, 0
push-h: 0, 64, 0, 64, 0, 64, 0, 64, 37
push-h-goal: 0, 64, 0, 64, 0, 64, 0, 64, 37
push-v: 0, 64, 0, 64, 0, 64, 0, 64, 37
push-v-goal: 0, 64, 0, 64, 0, 64, 0, 64, 37
Step 148
move-h: 0, 20, 0, 20, 0, 20, 0, 20, 0
move-v: 0, 20, 0, 20, 0, 20, 0, 20, 0
push-h: 0, 64, 0, 64, 0, 64, 0, 64, 38
push-h-goal: 0, 64, 0, 64, 0, 64, 0, 64, 37
push-v: 0, 64, 0, 64, 0, 64, 0, 64, 37
push-v-goal: 0, 64, 0, 64, 0, 64, 0, 64, 37
Step 149
move-h: 0, 20, 0, 20, 0, 20, 0, 20, 0
move-v: 0, 20, 0, 20, 0, 20, 0, 20, 0
push-h: 0, 64, 0, 64, 0, 64, 0, 64, 39
push-h-goal: 0, 64, 0, 64, 0, 64, 0, 64, 37
push-v: 0, 64, 0, 64, 0, 64, 0, 64, 37
push-v-goal: 0, 64, 0, 64, 0, 64, 0, 64, 37
Step 150
move-h: 0, 20, 0, 20, 0, 20, 0, 20, 0
move-v: 0, 20, 0, 20, 0, 20, 0, 20, 0
push-h: 0, 64, 0, 64, 0, 64, 0, 64, 40
push-h-goal: 0, 64, 0, 64, 0, 64, 0, 64, 37
push-v: 0, 64, 0, 64, 0, 64, 0, 64, 37
push-v-goal: 0, 64, 0, 64, 0, 64, 0, 64, 37
Step 151
move-h: 0, 20, 0, 20, 0, 20, 0, 20, 0
move-v: 0, 20, 0, 20, 0, 20, 0, 20, 0
push-h: 0, 64, 0, 64, 0, 64, 0, 64, 41
push-h-goal: 0, 64, 0, 64, 0, 64, 0, 64, 37
push-v: 0, 64, 0, 64, 0, 64, 0, 64, 37
push-v-goal: 0, 64, 0, 64, 0, 64, 0, 64, 37
Step 152
move-h: 0, 20, 0, 20, 0, 20, 0, 20, 0
move-v: 0, 20, 0, 20, 0, 20, 0, 20, 0
push-h: 0, 64, 0, 64, 0, 64, 0, 64, 42
push-h-goal: 0, 64, 0, 64, 0, 64, 0, 64, 37
push-v: 0, 64, 0, 64, 0, 64, 0, 64, 37
push-v-goal: 0, 64, 0, 64, 0, 64, 0, 64, 37
Step 153
move-h: 0, 20, 0, 20, 0, 20, 0, 20, 0
move-v: 0, 20, 0, 20, 0, 20, 0, 20, 0
push-h: 0, 64, 0, 64, 0, 64, 0, 64, 43
push-h-goal: 0, 64, 0, 64, 0, 64, 0, 64, 37
push-v: 0, 64, 0, 64, 0, 64, 0, 64, 37
push-v-goal: 0, 64, 0, 64, 0, 64, 0, 64, 37
Step 154
move-h: 0, 20, 0, 20, 0, 20, 0, 20, 0
move-v: 0, 20, 0, 20, 0, 20, 0, 20, 0
push-h: 0, 64, 0, 64, 0, 64, 0, 64, 43
push-h-goal: 0, 64, 0, 64, 0, 64, 0, 64, 37
push-v: 0, 64, 0, 64, 0, 64, 0, 64, 38
push-v-goal: 0, 64, 0, 64, 0, 64, 0, 64, 37
Step 155
move-h: 0, 20, 0, 20, 0, 20, 0, 20, 0
move-v: 0, 20, 0, 20, 0, 20, 0, 20, 0
push-h: 0, 64, 0, 64, 0, 64, 0, 64, 43
push-h-goal: 0, 64, 0, 64, 0, 64, 0, 64, 37
push-v: 0, 64, 0, 64, 0, 64, 0, 64, 39
push-v-goal: 0, 64, 0, 64, 0, 64, 0, 64, 37
Step 156
move-h: 0, 20, 0, 20, 0, 20, 0, 20, 0
move-v: 0, 20, 0, 20, 0, 20, 0, 20, 0
push-h: 0, 64, 0, 64, 0, 64, 0, 64, 43
push-h-goal: 0, 64, 0, 64, 0, 64, 0, 64, 37
push-v: 0, 64, 0, 64, 0, 64, 0, 64, 40
push-v-goal: 0, 64, 0, 64, 0, 64, 0, 64, 37
Step 157
move-h: 0, 20, 0, 20, 0, 20, 0, 20, 0
move-v: 0, 20, 0, 20, 0, 20, 0, 20, 0
push-h: 0, 64, 0, 64, 0, 64, 0, 64, 43
push-h-goal: 0, 64, 0, 64, 0, 64, 0, 64, 37
push-v: 0, 64, 0, 64, 0, 64, 0, 64, 41
push-v-goal: 0, 64, 0, 64, 0, 64, 0, 64, 37
Step 158
move-h: 0, 20, 0, 20, 0, 20, 0, 20, 0
move-v: 0, 20, 0, 20, 0, 20, 0, 20, 0
push-h: 0, 64, 0, 64, 0, 64, 0, 64, 43
push-h-goal: 0, 64, 0, 64, 0, 64, 0, 64, 37
push-v: 0, 64, 0, 64, 0, 64, 0, 64, 42
push-v-goal: 0, 64, 0, 64, 0, 64, 0, 64, 37
Step 159
move-h: 0, 20, 0, 20, 0, 20, 0, 20, 0
move-v: 0, 20, 0, 20, 0, 20, 0, 20, 0
push-h: 0, 64, 0, 64, 0, 64, 0, 64, 43
push-h-goal: 0, 64, 0, 64, 0, 64, 0, 64, 37
push-v: 0, 64, 0, 64, 0, 64, 0, 64, 43
push-v-goal: 0, 64, 0, 64, 0, 64, 0, 64, 37
Step 160
move-h: 0, 20, 0, 20, 0, 20, 0, 20, 0
move-v: 0, 20, 0, 20, 0, 20, 0, 20, 0
push-h: 0, 64, 0, 64, 0, 64, 0, 64, 43
push-h-goal: 0, 64, 0, 64, 0, 64, 0, 64, 38
push-v: 0, 64, 0, 64, 0, 64, 0, 64, 43
push-v-goal: 0, 64, 0, 64, 0, 64, 0, 64, 37
Step 161
move-h: 0, 20, 0, 20, 0, 20, 0, 20, 0
move-v: 0, 20, 0, 20, 0, 20, 0, 20, 0
push-h: 0, 64, 0, 64, 0, 64, 0, 64, 43
push-h-goal: 0, 64, 0, 64, 0, 64, 0, 64, 39
push-v: 0, 64, 0, 64, 0, 64, 0, 64, 43
push-v-goal: 0, 64, 0, 64, 0, 64, 0, 64, 37
Step 162
move-h: 0, 20, 0, 20, 0, 20, 0, 20, 0
move-v: 0, 20, 0, 20, 0, 20, 0, 20, 0
push-h: 0, 64, 0, 64, 0, 64, 0, 64, 43
push-h-goal: 0, 64, 0, 64, 0, 64, 0, 64, 40
push-v: 0, 64, 0, 64, 0, 64, 0, 64, 43
push-v-goal: 0, 64, 0, 64, 0, 64, 0, 64, 37
Step 163
move-h: 0, 20, 0, 20, 0, 20, 0, 20, 0
move-v: 0, 20, 0, 20, 0, 20, 0, 20, 0
push-h: 0, 64, 0, 64, 0, 64, 0, 64, 43
push-h-goal: 0, 64, 0, 64, 0, 64, 0, 64, 41
push-v: 0, 64, 0, 64, 0, 64, 0, 64, 43
push-v-goal: 0, 64, 0, 64, 0, 64, 0, 64, 37
Step 164
move-h: 0, 20, 0, 20, 0, 20, 0, 20, 0
move-v: 0, 20, 0, 20, 0, 20, 0, 20, 0
push-h: 0, 64, 0, 64, 0, 64, 0, 64, 43
push-h-goal: 0, 64, 0, 64, 0, 64, 0, 64, 42
push-v: 0, 64, 0, 64, 0, 64, 0, 64, 43
push-v-goal: 0, 64, 0, 64, 0, 64, 0, 64, 37
Step 165
move-h: 0, 20, 0, 20, 0, 20, 0, 20, 0
move-v: 0, 20, 0, 20, 0, 20, 0, 20, 0
push-h: 0, 64, 0, 64, 0, 64, 0, 64, 43
push-h-goal: 0, 64, 0, 64, 0, 64, 0, 64, 43
push-v: 0, 64, 0, 64, 0, 64, 0, 64, 43
push-v-goal: 0, 64, 0, 64, 0, 64, 0, 64, 37
Step 166
move-h: 0, 20, 0, 20, 0, 20, 0, 20, 0
move-v: 0, 20, 0, 20, 0, 20, 0, 20, 0
push-h: 0, 64, 0, 64, 0, 64, 0, 64, 43
push-h-goal: 0, 64, 0, 64, 0, 64, 0, 64, 43
push-v: 0, 64, 0, 64, 0, 64, 0, 64, 43
push-v-goal: 0, 64, 0, 64, 0, 64, 0, 64, 38
Step 167
move-h: 0, 20, 0, 20, 0, 20, 0, 20, 0
move-v: 0, 20, 0, 20, 0, 20, 0, 20, 0
push-h: 0, 64, 0, 64, 0, 64, 0, 64, 43
push-h-goal: 0, 64, 0, 64, 0, 64, 0, 64, 43
push-v: 0, 64, 0, 64, 0, 64, 0, 64, 43
push-v-goal: 0, 64, 0, 64, 0, 64, 0, 64, 39
Step 168
move-h: 0, 20, 0, 20, 0, 20, 0, 20, 0
move-v: 0, 20, 0, 20, 0, 20, 0, 20, 0
push-h: 0, 64, 0, 64, 0, 64, 0, 64, 43
push-h-goal: 0, 64, 0, 64, 0, 64, 0, 64, 43
push-v: 0, 64, 0, 64, 0, 64, 0, 64, 43
push-v-goal: 0, 64, 0, 64, 0, 64, 0, 64, 40
Step 169
move-h: 0, 20, 0, 20, 0, 20, 0, 20, 0
move-v: 0, 20, 0, 20, 0, 20, 0, 20, 0
push-h: 0, 64, 0, 64, 0, 64, 0, 64, 43
push-h-goal: 0, 64, 0, 64, 0, 64, 0, 64, 43
push-v: 0, 64, 0, 64, 0, 64, 0, 64, 43
push-v-goal: 0, 64, 0, 64, 0, 64, 0, 64, 41
Step 170
move-h: 0, 20, 0, 20, 0, 20, 0, 20, 0
move-v: 0, 20, 0, 20, 0, 20, 0, 20, 0
push-h: 0, 64, 0, 64, 0, 64, 0, 64, 43
push-h-goal: 0, 64, 0, 64, 0, 64, 0, 64, 43
push-v: 0, 64, 0, 64, 0, 64, 0, 64, 43
push-v-goal: 0, 64, 0, 64, 0, 64, 0, 64, 42
Step 171
move-h: 0, 20, 0, 20, 0, 20, 0, 20, 0
move-v: 0, 20, 0, 20, 0, 20, 0, 20, 0
push-h: 0, 64, 0, 64, 0, 64, 0, 64, 43
push-h-goal: 0, 64, 0, 64, 0, 64, 0, 64, 43
push-v: 0, 64, 0, 64, 0, 64, 0, 64, 43
push-v-goal: 0, 64, 0, 64, 0, 64, 0, 64, 43
Step 172
move-h: 0, 20, 0, 20, 0, 20, 0, 20, 0
move-v: 0, 20, 0, 20, 0, 20, 0, 20, 0
push-h: 0, 64, 0, 64, 0, 64, 0, 64, 44
push-h-goal: 0, 64, 0, 64, 0, 64, 0, 64, 43
push-v: 0, 64, 0, 64, 0, 64, 0, 64, 43
push-v-goal: 0, 64, 0, 64, 0, 64, 0, 64, 43
Step 173
move-h: 0, 20, 0, 20, 0, 20, 0, 20, 0
move-v: 0, 20, 0, 20, 0, 20, 0, 20, 0
push-h: 0, 64, 0, 64, 0, 64, 0, 64, 45
push-h-goal: 0, 64, 0, 64, 0, 64, 0, 64, 43
push-v: 0, 64, 0, 64, 0, 64, 0, 64, 43
push-v-goal: 0, 64, 0, 64, 0, 64, 0, 64, 43
Step 174
move-h: 0, 20, 0, 20, 0, 20, 0, 20, 0
move-v: 0, 20, 0, 20, 0, 20, 0, 20, 0
push-h: 0, 64, 0, 64, 0, 64, 0, 64, 46
push-h-goal: 0, 64, 0, 64, 0, 64, 0, 64, 43
push-v: 0, 64, 0, 64, 0, 64, 0, 64, 43
push-v-goal: 0, 64, 0, 64, 0, 64, 0, 64, 43
Step 175
move-h: 0, 20, 0, 20, 0, 20, 0, 20, 0
move-v: 0, 20, 0, 20, 0, 20, 0, 20, 0
push-h: 0, 64, 0, 64, 0, 64, 0, 64, 47
push-h-goal: 0, 64, 0, 64, 0, 64, 0, 64, 43
push-v: 0, 64, 0, 64, 0, 64, 0, 64, 43
push-v-goal: 0, 64, 0, 64, 0, 64, 0, 64, 43
Step 176
move-h: 0, 20, 0, 20, 0, 20, 0, 20, 0
move-v: 0, 20, 0, 20, 0, 20, 0, 20, 0
push-h: 0, 64, 0, 64, 0, 64, 0, 64, 48
push-h-goal: 0, 64, 0, 64, 0, 64, 0, 64, 43
push-v: 0, 64, 0, 64, 0, 64, 0, 64, 43
push-v-goal: 0, 64, 0, 64, 0, 64, 0, 64, 43
Step 177
move-h: 0, 20, 0, 20, 0, 20, 0, 20, 0
move-v: 0, 20, 0, 20, 0, 20, 0, 20, 0
push-h: 0, 64, 0, 64, 0, 64, 0, 64, 49
push-h-goal: 0, 64, 0, 64, 0, 64, 0, 64, 43
push-v: 0, 64, 0, 64, 0, 64, 0, 64, 43
push-v-goal: 0, 64, 0, 64, 0, 64, 0, 64, 43
Step 178
move-h: 0, 20, 0, 20, 0, 20, 0, 20, 0
move-v: 0, 20, 0, 20, 0, 20, 0, 20, 0
push-h: 0, 64, 0, 64, 0, 64, 0, 64, 49
push-h-goal: 0, 64, 0, 64, 0, 64, 0, 64, 43
push-v: 0, 64, 0, 64, 0, 64, 0, 64, 44
push-v-goal: 0, 64, 0, 64, 0, 64, 0, 64, 43
Step 179
move-h: 0, 20, 0, 20, 0, 20, 0, 20, 0
move-v: 0, 20, 0, 20, 0, 20, 0, 20, 0
push-h: 0, 64, 0, 64, 0, 64, 0, 64, 49
push-h-goal: 0, 64, 0, 64, 0, 64, 0, 64, 43
push-v: 0, 64, 0, 64, 0, 64, 0, 64, 45
push-v-goal: 0, 64, 0, 64, 0, 64, 0, 64, 43
Step 180
move-h: 0, 20, 0, 20, 0, 20, 0, 20, 0
move-v: 0, 20, 0, 20, 0, 20, 0, 20, 0
push-h: 0, 64, 0, 64, 0, 64, 0, 64, 49
push-h-goal: 0, 64, 0, 64, 0, 64, 0, 64, 43
push-v: 0, 64, 0, 64, 0, 64, 0, 64, 46
push-v-goal: 0, 64, 0, 64, 0, 64, 0, 64, 43
Step 181
move-h: 0, 20, 0, 20, 0, 20, 0, 20, 0
move-v: 0, 20, 0, 20, 0, 20, 0, 20, 0
push-h: 0, 64, 0, 64, 0, 64, 0, 64, 49
push-h-goal: 0, 64, 0, 64, 0, 64, 0, 64, 43
push-v: 0, 64, 0, 64, 0, 64, 0, 64, 47
push-v-goal: 0, 64, 0, 64, 0, 64, 0, 64, 43
Step 182
move-h: 0, 20, 0, 20, 0, 20, 0, 20, 0
move-v: 0, 20, 0, 20, 0, 20, 0, 20, 0
push-h: 0, 64, 0, 64, 0, 64, 0, 64, 49
push-h-goal: 0, 64, 0, 64, 0, 64, 0, 64, 43
push-v: 0, 64, 0, 64, 0, 64, 0, 64, 48
push-v-goal: 0, 64, 0, 64, 0, 64, 0, 64, 43
Step 183
move-h: 0, 20, 0, 20, 0, 20, 0, 20, 0
move-v: 0, 20, 0, 20, 0, 20, 0, 20, 0
push-h: 0, 64, 0, 64, 0, 64, 0, 64, 49
push-h-goal: 0, 64, 0, 64, 0, 64, 0, 64, 43
push-v: 0, 64, 0, 64, 0, 64, 0, 64, 49
push-v-goal: 0, 64, 0, 64, 0, 64, 0, 64, 43
Step 184
move-h: 0, 20, 0, 20, 0, 20, 0, 20, 0
move-v: 0, 20, 0, 20, 0, 20, 0, 20, 0
push-h: 0, 64, 0, 64, 0, 64, 0, 64, 49
push-h-goal: 0, 64, 0, 64, 0, 64, 0, 64, 44
push-v: 0, 64, 0, 64, 0, 64, 0, 64, 49
push-v-goal: 0, 64, 0, 64, 0, 64, 0, 64, 43
Step 185
move-h: 0, 20, 0, 20, 0, 20, 0, 20, 0
move-v: 0, 20, 0, 20, 0, 20, 0, 20, 0
push-h: 0, 64, 0, 64, 0, 64, 0, 64, 49
push-h-goal: 0, 64, 0, 64, 0, 64, 0, 64, 45
push-v: 0, 64, 0, 64, 0, 64, 0, 64, 49
push-v-goal: 0, 64, 0, 64, 0, 64, 0, 64, 43
Step 186
move-h: 0, 20, 0, 20, 0, 20, 0, 20, 0
move-v: 0, 20, 0, 20, 0, 20, 0, 20, 0
push-h: 0, 64, 0, 64, 0, 64, 0, 64, 49
push-h-goal: 0, 64, 0, 64, 0, 64, 0, 64, 46
push-v: 0, 64, 0, 64, 0, 64, 0, 64, 49
push-v-goal: 0, 64, 0, 64, 0, 64, 0, 64, 43
Step 187
move-h: 0, 20, 0, 20, 0, 20, 0, 20, 0
move-v: 0, 20, 0, 20, 0, 20, 0, 20, 0
push-h: 0, 64, 0, 64, 0, 64, 0, 64, 49
push-h-goal: 0, 64, 0, 64, 0, 64, 0, 64, 47
push-v: 0, 64, 0, 64, 0, 64, 0, 64, 49
push-v-goal: 0, 64, 0, 64, 0, 64, 0, 64, 43
Step 188
move-h: 0, 20, 0, 20, 0, 20, 0, 20, 0
move-v: 0, 20, 0, 20, 0, 20, 0, 20, 0
push-h: 0, 64, 0, 64, 0, 64, 0, 64, 49
push-h-goal: 0, 64, 0, 64, 0, 64, 0, 64, 48
push-v: 0, 64, 0, 64, 0, 64, 0, 64, 49
push-v-goal: 0, 64, 0, 64, 0, 64, 0, 64, 43
Step 189
move-h: 0, 20, 0, 20, 0, 20, 0, 20, 0
move-v: 0, 20, 0, 20, 0, 20, 0, 20, 0
push-h: 0, 64, 0, 64, 0, 64, 0, 64, 49
push-h-goal: 0, 64, 0, 64, 0, 64, 0, 64, 49
push-v: 0, 64, 0, 64, 0, 64, 0, 64, 49
push-v-goal: 0, 64, 0, 64, 0, 64, 0, 64, 43
Step 190
move-h: 0, 20, 0, 20, 0, 20, 0, 20, 0
move-v: 0, 20, 0, 20, 0, 20, 0, 20, 0
push-h: 0, 64, 0, 64, 0, 64, 0, 64, 49
push-h-goal: 0, 64, 0, 64, 0, 64, 0, 64, 49
push-v: 0, 64, 0, 64, 0, 64, 0, 64, 49
push-v-goal: 0, 64, 0, 64, 0, 64, 0, 64, 44
Step 191
move-h: 0, 20, 0, 20, 0, 20, 0, 20, 0
move-v: 0, 20, 0, 20, 0, 20, 0, 20, 0
push-h: 0, 64, 0, 64, 0, 64, 0, 64, 49
push-h-goal: 0, 64, 0, 64, 0, 64, 0, 64, 49
push-v: 0, 64, 0, 64, 0, 64, 0, 64, 49
push-v-goal: 0, 64, 0, 64, 0, 64, 0, 64, 45
Step 192
move-h: 0, 20, 0, 20, 0, 20, 0, 20, 0
move-v: 0, 20, 0, 20, 0, 20, 0, 20, 0
push-h: 0, 64, 0, 64, 0, 64, 0, 64, 49
push-h-goal: 0, 64, 0, 64, 0, 64, 0, 64, 49
push-v: 0, 64, 0, 64, 0, 64, 0, 64, 49
push-v-goal: 0, 64, 0, 64, 0, 64, 0, 64, 46
Step 193
move-h: 0, 20, 0, 20, 0, 20, 0, 20, 0
move-v: 0, 20, 0, 20, 0, 20, 0, 20, 0
push-h: 0, 64, 0, 64, 0, 64, 0, 64, 49
push-h-goal: 0, 64, 0, 64, 0, 64, 0, 64, 49
push-v: 0, 64, 0, 64, 0, 64, 0, 64, 49
push-v-goal: 0, 64, 0, 64, 0, 64, 0, 64, 47
Step 194
move-h: 0, 20, 0, 20, 0, 20, 0, 20, 0
move-v: 0, 20, 0, 20, 0, 20, 0, 20, 0
push-h: 0, 64, 0, 64, 0, 64, 0, 64, 49
push-h-goal: 0, 64, 0, 64, 0, 64, 0, 64, 49
push-v: 0, 64, 0, 64, 0, 64, 0, 64, 49
push-v-goal: 0, 64, 0, 64, 0, 64, 0, 64, 48
Step 195
move-h: 0, 20, 0, 20, 0, 20, 0, 20, 0
move-v: 0, 20, 0, 20, 0, 20, 0, 20, 0
push-h: 0, 64, 0, 64, 0, 64, 0, 64, 49
push-h-goal: 0, 64, 0, 64, 0, 64, 0, 64, 49
push-v: 0, 64, 0, 64, 0, 64, 0, 64, 49
push-v-goal: 0, 64, 0, 64, 0, 64, 0, 64, 49
Step 196
move-h: 0, 20, 0, 20, 0, 20, 0, 20, 0
move-v: 0, 20, 0, 20, 0, 20, 0, 20, 0
push-h: 0, 64, 0, 64, 0, 64, 0, 64, 50
push-h-goal: 0, 64, 0, 64, 0, 64, 0, 64, 49
push-v: 0, 64, 0, 64, 0, 64, 0, 64, 49
push-v-goal: 0, 64, 0, 64, 0, 64, 0, 64, 49
Step 197
move-h: 0, 20, 0, 20, 0, 20, 0, 20, 0
move-v: 0, 20, 0, 20, 0, 20, 0, 20, 0
push-h: 0, 64, 0, 64, 0, 64, 0, 64, 51
push-h-goal: 0, 64, 0, 64, 0, 64, 0, 64, 49
push-v: 0, 64, 0, 64, 0, 64, 0, 64, 49
push-v-goal: 0, 64, 0, 64, 0, 64, 0, 64, 49
Step 198
move-h: 0, 20, 0, 20, 0, 20, 0, 20, 0
move-v: 0, 20, 0, 20, 0, 20, 0, 20, 0
push-h: 0, 64, 0, 64, 0, 64, 0, 64, 52
push-h-goal: 0, 64, 0, 64, 0, 64, 0, 64, 49
push-v: 0, 64, 0, 64, 0, 64, 0, 64, 49
push-v-goal: 0, 64, 0, 64, 0, 64, 0, 64, 49
Step 199
move-h: 0, 20, 0, 20, 0, 20, 0, 20, 0
move-v: 0, 20, 0, 20, 0, 20, 0, 20, 0
push-h: 0, 64, 0, 64, 0, 64, 0, 64, 53
push-h-goal: 0, 64, 0, 64, 0, 64, 0, 64, 49
push-v: 0, 64, 0, 64, 0, 64, 0, 64, 49
push-v-goal: 0, 64, 0, 64, 0, 64, 0, 64, 49
Step 200
move-h: 0, 20, 0, 20, 0, 20, 0, 20, 0
move-v: 0, 20, 0, 20, 0, 20, 0, 20, 0
push-h: 0, 64, 0, 64, 0, 64, 0, 64, 54
push-h-goal: 0, 64, 0, 64, 0, 64, 0, 64, 49
push-v: 0, 64, 0, 64, 0, 64, 0, 64, 49
push-v-goal: 0, 64, 0, 64, 0, 64, 0, 64, 49
Step 201
move-h: 0, 20, 0, 20, 0, 20, 0, 20, 0
move-v: 0, 20, 0, 20, 0, 20, 0, 20, 0
push-h: 0, 64, 0, 64, 0, 64, 0, 64, 55
push-h-goal: 0, 64, 0, 64, 0, 64, 0, 64, 49
push-v: 0, 64, 0, 64, 0, 64, 0, 64, 49
push-v-goal: 0, 64, 0, 64, 0, 64, 0, 64, 49
Step 202
move-h: 0, 20, 0, 20, 0, 20, 0, 20, 0
move-v: 0, 20, 0, 20, 0, 20, 0, 20, 0
push-h: 0, 64, 0, 64, 0, 64, 0, 64, 55
push-h-goal: 0, 64, 0, 64, 0, 64, 0, 64, 49
push-v: 0, 64, 0, 64, 0, 64, 0, 64, 50
push-v-goal: 0, 64, 0, 64, 0, 64, 0, 64, 49
Step 203
move-h: 0, 20, 0, 20, 0, 20, 0, 20, 0
move-v: 0, 20, 0, 20, 0, 20, 0, 20, 0
push-h: 0, 64, 0, 64, 0, 64, 0, 64, 55
push-h-goal: 0, 64, 0, 64, 0, 64, 0, 64, 49
push-v: 0, 64, 0, 64, 0, 64, 0, 64, 51
push-v-goal: 0, 64, 0, 64, 0, 64, 0, 64, 49
Step 204
move-h: 0, 20, 0, 20, 0, 20, 0, 20, 0
move-v: 0, 20, 0, 20, 0, 20, 0, 20, 0
push-h: 0, 64, 0, 64, 0, 64, 0, 64, 55
push-h-goal: 0, 64, 0, 64, 0, 64, 0, 64, 49
push-v: 0, 64, 0, 64, 0, 64, 0, 64, 52
push-v-goal: 0, 64, 0, 64, 0, 64, 0, 64, 49
Step 205
move-h: 0, 20, 0, 20, 0, 20, 0, 20, 0
move-v: 0, 20, 0, 20, 0, 20, 0, 20, 0
push-h: 0, 64, 0, 64, 0, 64, 0, 64, 55
push-h-goal: 0, 64, 0, 64, 0, 64, 0, 64, 49
push-v: 0, 64, 0, 64, 0, 64, 0, 64, 53
push-v-goal: 0, 64, 0, 64, 0, 64, 0, 64, 49
Step 206
move-h: 0, 20, 0, 20, 0, 20, 0, 20, 0
move-v: 0, 20, 0, 20, 0, 20, 0, 20, 0
push-h: 0, 64, 0, 64, 0, 64, 0, 64, 55
push-h-goal: 0, 64, 0, 64, 0, 64, 0, 64, 49
push-v: 0, 64, 0, 64, 0, 64, 0, 64, 54
push-v-goal: 0, 64, 0, 64, 0, 64, 0, 64, 49
Step 207
move-h: 0, 20, 0, 20, 0, 20, 0, 20, 0
move-v: 0, 20, 0, 20, 0, 20, 0, 20, 0
push-h: 0, 64, 0, 64, 0, 64, 0, 64, 55
push-h-goal: 0, 64, 0, 64, 0, 64, 0, 64, 49
push-v: 0, 64, 0, 64, 0, 64, 0, 64, 55
push-v-goal: 0, 64, 0, 64, 0, 64, 0, 64, 49
Step 208
move-h: 0, 20, 0, 20, 0, 20, 0, 20, 0
move-v: 0, 20, 0, 20, 0, 20, 0, 20, 0
push-h: 0, 64, 0, 64, 0, 64, 0, 64, 55
push-h-goal: 0, 64, 0, 64, 0, 64, 0, 64, 50
push-v: 0, 64, 0, 64, 0, 64, 0, 64, 55
push-v-goal: 0, 64, 0, 64, 0, 64, 0, 64, 49
Step 209
move-h: 0, 20, 0, 20, 0, 20, 0, 20, 0
move-v: 0, 20, 0, 20, 0, 20, 0, 20, 0
push-h: 0, 64, 0, 64, 0, 64, 0, 64, 55
push-h-goal: 0, 64, 0, 64, 0, 64, 0, 64, 51
push-v: 0, 64, 0, 64, 0, 64, 0, 64, 55
push-v-goal: 0, 64, 0, 64, 0, 64, 0, 64, 49
Step 210
move-h: 0, 20, 0, 20, 0, 20, 0, 20, 0
move-v: 0, 20, 0, 20, 0, 20, 0, 20, 0
push-h: 0, 64, 0, 64, 0, 64, 0, 64, 55
push-h-goal: 0, 64, 0, 64, 0, 64, 0, 64, 52
push-v: 0, 64, 0, 64, 0, 64, 0, 64, 55
push-v-goal: 0, 64, 0, 64, 0, 64, 0, 64, 49
Step 211
move-h: 0, 20, 0, 20, 0, 20, 0, 20, 0
move-v: 0, 20, 0, 20, 0, 20, 0, 20, 0
push-h: 0, 64, 0, 64, 0, 64, 0, 64, 55
push-h-goal: 0, 64, 0, 64, 0, 64, 0, 64, 53
push-v: 0, 64, 0, 64, 0, 64, 0, 64, 55
push-v-goal: 0, 64, 0, 64, 0, 64, 0, 64, 49
Step 212
move-h: 0, 20, 0, 20, 0, 20, 0, 20, 0
move-v: 0, 20, 0, 20, 0, 20, 0, 20, 0
push-h: 0, 64, 0, 64, 0, 64, 0, 64, 55
push-h-goal: 0, 64, 0, 64, 0, 64, 0, 64, 54
push-v: 0, 64, 0, 64, 0, 64, 0, 64, 55
push-v-goal: 0, 64, 0, 64, 0, 64, 0, 64, 49
Step 213
move-h: 0, 20, 0, 20, 0, 20, 0, 20, 0
move-v: 0, 20, 0, 20, 0, 20, 0, 20, 0
push-h: 0, 64, 0, 64, 0, 64, 0, 64, 55
push-h-goal: 0, 64, 0, 64, 0, 64, 0, 64, 55
push-v: 0, 64, 0, 64, 0, 64, 0, 64, 55
push-v-goal: 0, 64, 0, 64, 0, 64, 0, 64, 49
Step 214
move-h: 0, 20, 0, 20, 0, 20, 0, 20, 0
move-v: 0, 20, 0, 20, 0, 20, 0, 20, 0
push-h: 0, 64, 0, 64, 0, 64, 0, 64, 55
push-h-goal: 0, 64, 0, 64, 0, 64, 0, 64, 55
push-v: 0, 64, 0, 64, 0, 64, 0, 64, 55
push-v-goal: 0, 64, 0, 64, 0, 64, 0, 64, 50
Step 215
move-h: 0, 20, 0, 20, 0, 20, 0, 20, 0
move-v: 0, 20, 0, 20, 0, 20, 0, 20, 0
push-h: 0, 64, 0, 64, 0, 64, 0, 64, 55
push-h-goal: 0, 64, 0, 64, 0, 64, 0, 64, 55
push-v: 0, 64, 0, 64, 0, 64, 0, 64, 55
push-v-goal: 0, 64, 0, 64, 0, 64, 0, 64, 51
Step 216
move-h: 0, 20, 0, 20, 0, 20, 0, 20, 0
move-v: 0, 20, 0, 20, 0, 20, 0, 20, 0
push-h: 0, 64, 0, 64, 0, 64, 0, 64, 55
push-h-goal: 0, 64, 0, 64, 0, 64, 0, 64, 55
push-v: 0, 64, 0, 64, 0, 64, 0, 64, 55
push-v-goal: 0, 64, 0, 64, 0, 64, 0, 64, 52
Step 217
move-h: 0, 20, 0, 20, 0, 20, 0, 20, 0
move-v: 0, 20, 0, 20, 0, 20, 0, 20, 0
push-h: 0, 64, 0, 64, 0, 64, 0, 64, 55
push-h-goal: 0, 64, 0, 64, 0, 64, 0, 64, 55
push-v: 0, 64, 0, 64, 0, 64, 0, 64, 55
push-v-goal: 0, 64, 0, 64, 0, 64, 0, 64, 53
Step 218
move-h: 0, 20, 0, 20, 0, 20, 0, 20, 0
move-v: 0, 20, 0, 20, 0, 20, 0, 20, 0
push-h: 0, 64, 0, 64, 0, 64, 0, 64, 55
push-h-goal: 0, 64, 0, 64, 0, 64, 0, 64, 55
push-v: 0, 64, 0, 64, 0, 64, 0, 64, 55
push-v-goal: 0, 64, 0, 64, 0, 64, 0, 64, 54
Step 219
move-h: 0, 20, 0, 20, 0, 20, 0, 20, 0
move-v: 0, 20, 0, 20, 0, 20, 0, 20, 0
push-h: 0, 64, 0, 64, 0, 64, 0, 64, 55
push-h-goal: 0, 64, 0, 64, 0, 64, 0, 64, 55
push-v: 0, 64, 0, 64, 0, 64, 0, 64, 55
push-v-goal: 0, 64, 0, 64, 0, 64, 0, 64, 55
Step 220
move-h: 0, 20, 0, 20, 0, 20, 0, 20, 0
move-v: 0, 20, 0, 20, 0, 20, 0, 20, 0
push-h: 0, 64, 0, 64, 0, 64, 0, 64, 56
push-h-goal: 0, 64, 0, 64, 0, 64, 0, 64, 55
push-v: 0, 64, 0, 64, 0, 64, 0, 64, 55
push-v-goal: 0, 64, 0, 64, 0, 64, 0, 64, 55
Step 221
move-h: 0, 20, 0, 20, 0, 20, 0, 20, 0
move-v: 0, 20, 0, 20, 0, 20, 0, 20, 0
push-h: 0, 64, 0, 64, 0, 64, 0, 64, 56
push-h-goal: 0, 64, 0, 64, 0, 64, 0, 64, 55
push-v: 0, 64, 0, 64, 0, 64, 0, 64, 56
push-v-goal: 0, 64, 0, 64, 0, 64, 0, 64, 55
Step 222
move-h: 0, 20, 0, 20, 0, 20, 0, 20, 0
move-v: 0, 20, 0, 20, 0, 20, 0, 20, 0
push-h: 0, 64, 0, 64, 0, 64, 0, 64, 56
push-h-goal: 0, 64, 0, 64, 0, 64, 0, 64, 56
push-v: 0, 64, 0, 64, 0, 64, 0, 64, 56
push-v-goal: 0, 64, 0, 64, 0, 64, 0, 64, 55
Step 223
move-h: 0, 20, 0, 20, 0, 20, 0, 20, 0
move-v: 0, 20, 0, 20, 0, 20, 0, 20, 0
push-h: 0, 64, 0, 64, 0, 64, 0, 64, 56
push-h-goal: 0, 64, 0, 64, 0, 64, 0, 64, 56
push-v: 0, 64, 0, 64, 0, 64, 0, 64, 56
push-v-goal: 0, 64, 0, 64, 0, 64, 0, 64, 56
Step 224
move-h: 0, 20, 0, 20, 0, 20, 0, 20, 0
move-v: 0, 20, 0, 20, 0, 20, 0, 20, 0
push-h: 0, 64, 0, 64, 0, 64, 0, 64, 57
push-h-goal: 0, 64, 0, 64, 0, 64, 0, 64, 56
push-v: 0, 64, 0, 64, 0, 64, 0, 64, 56
push-v-goal: 0, 64, 0, 64, 0, 64, 0, 64, 56
Step 225
move-h: 0, 20, 0, 20, 0, 20, 0, 20, 0
move-v: 0, 20, 0, 20, 0, 20, 0, 20, 0
push-h: 0, 64, 0, 64, 0, 64, 0, 64, 58
push-h-goal: 0, 64, 0, 64, 0, 64, 0, 64, 56
push-v: 0, 64, 0, 64, 0, 64, 0, 64, 56
push-v-goal: 0, 64, 0, 64, 0, 64, 0, 64, 56
Step 226
move-h: 0, 20, 0, 20, 0, 20, 0, 20, 0
move-v: 0, 20, 0, 20, 0, 20, 0, 20, 0
push-h: 0, 64, 0, 64, 0, 64, 0, 64, 59
push-h-goal: 0, 64, 0, 64, 0, 64, 0, 64, 56
push-v: 0, 64, 0, 64, 0, 64, 0, 64, 56
push-v-goal: 0, 64, 0, 64, 0, 64, 0, 64, 56
Step 227
move-h: 0, 20, 0, 20, 0, 20, 0, 20, 0
move-v: 0, 20, 0, 20, 0, 20, 0, 20, 0
push-h: 0, 64, 0, 64, 0, 64, 0, 64, 60
push-h-goal: 0, 64, 0, 64, 0, 64, 0, 64, 56
push-v: 0, 64, 0, 64, 0, 64, 0, 64, 56
push-v-goal: 0, 64, 0, 64, 0, 64, 0, 64, 56
Step 228
move-h: 0, 20, 0, 20, 0, 20, 0, 20, 0
move-v: 0, 20, 0, 20, 0, 20, 0, 20, 0
push-h: 0, 64, 0, 64, 0, 64, 0, 64, 61
push-h-goal: 0, 64, 0, 64, 0, 64, 0, 64, 56
push-v: 0, 64, 0, 64, 0, 64, 0, 64, 56
push-v-goal: 0, 64, 0, 64, 0, 64, 0, 64, 56
Step 229
move-h: 0, 20, 0, 20, 0, 20, 0, 20, 0
move-v: 0, 20, 0, 20, 0, 20, 0, 20, 0
push-h: 0, 64, 0, 64, 0, 64, 0, 64, 62
push-h-goal: 0, 64, 0, 64, 0, 64, 0, 64, 56
push-v: 0, 64, 0, 64, 0, 64, 0, 64, 56
push-v-goal: 0, 64, 0, 64, 0, 64, 0, 64, 56
Step 230
move-h: 0, 20, 0, 20, 0, 20, 0, 20, 0
move-v: 0, 20, 0, 20, 0, 20, 0, 20, 0
push-h: 0, 64, 0, 64, 0, 64, 0, 64, 62
push-h-goal: 0, 64, 0, 64, 0, 64, 0, 64, 56
push-v: 0, 64, 0, 64, 0, 64, 0, 64, 57
push-v-goal: 0, 64, 0, 64, 0, 64, 0, 64, 56
Step 231
move-h: 0, 20, 0, 20, 0, 20, 0, 20, 0
move-v: 0, 20, 0, 20, 0, 20, 0, 20, 0
push-h: 0, 64, 0, 64, 0, 64, 0, 64, 62
push-h-goal: 0, 64, 0, 64, 0, 64, 0, 64, 56
push-v: 0, 64, 0, 64, 0, 64, 0, 64, 58
push-v-goal: 0, 64, 0, 64, 0, 64, 0, 64, 56
Step 232
move-h: 0, 20, 0, 20, 0, 20, 0, 20, 0
move-v: 0, 20, 0, 20, 0, 20, 0, 20, 0
push-h: 0, 64, 0, 64, 0, 64, 0, 64, 62
push-h-goal: 0, 64, 0, 64, 0, 64, 0, 64, 56
push-v: 0, 64, 0, 64, 0, 64, 0, 64, 59
push-v-goal: 0, 64, 0, 64, 0, 64, 0, 64, 56
Step 233
move-h: 0, 20, 0, 20, 0, 20, 0, 20, 0
move-v: 0, 20, 0, 20, 0, 20, 0, 20, 0
push-h: 0, 64, 0, 64, 0, 64, 0, 64, 62
push-h-goal: 0, 64, 0, 64, 0, 64, 0, 64, 56
push-v: 0, 64, 0, 64, 0, 64, 0, 64, 60
push-v-goal: 0, 64, 0, 64, 0, 64, 0, 64, 56
Step 234
move-h: 0, 20, 0, 20, 0, 20, 0, 20, 0
move-v: 0, 20, 0, 20, 0, 20, 0, 20, 0
push-h: 0, 64, 0, 64, 0, 64, 0, 64, 62
push-h-goal: 0, 64, 0, 64, 0, 64, 0, 64, 56
push-v: 0, 64, 0, 64, 0, 64, 0, 64, 61
push-v-goal: 0, 64, 0, 64, 0, 64, 0, 64, 56
Step 235
move-h: 0, 20, 0, 20, 0, 20, 0, 20, 0
move-v: 0, 20, 0, 20, 0, 20, 0, 20, 0
push-h: 0, 64, 0, 64, 0, 64, 0, 64, 62
push-h-goal: 0, 64, 0, 64, 0, 64, 0, 64, 56
push-v: 0, 64, 0, 64, 0, 64, 0, 64, 62
push-v-goal: 0, 64, 0, 64, 0, 64, 0, 64, 56
Step 236
move-h: 0, 20, 0, 20, 0, 20, 0, 20, 0
move-v: 0, 20, 0, 20, 0, 20, 0, 20, 0
push-h: 0, 64, 0, 64, 0, 64, 0, 64, 62
push-h-goal: 0, 64, 0, 64, 0, 64, 0, 64, 57
push-v: 0, 64, 0, 64, 0, 64, 0, 64, 62
push-v-goal: 0, 64, 0, 64, 0, 64, 0, 64, 56
Step 237
move-h: 0, 20, 0, 20, 0, 20, 0, 20, 0
move-v: 0, 20, 0, 20, 0, 20, 0, 20, 0
push-h: 0, 64, 0, 64, 0, 64, 0, 64, 62
push-h-goal: 0, 64, 0, 64, 0, 64, 0, 64, 58
push-v: 0, 64, 0, 64, 0, 64, 0, 64, 62
push-v-goal: 0, 64, 0, 64, 0, 64, 0, 64, 56
Step 238
move-h: 0, 20, 0, 20, 0, 20, 0, 20, 0
move-v: 0, 20, 0, 20, 0, 20, 0, 20, 0
push-h: 0, 64, 0, 64, 0, 64, 0, 64, 62
push-h-goal: 0, 64, 0, 64, 0, 64, 0, 64, 59
push-v: 0, 64, 0, 64, 0, 64, 0, 64, 62
push-v-goal: 0, 64, 0, 64, 0, 64, 0, 64, 56
Step 239
move-h: 0, 20, 0, 20, 0, 20, 0, 20, 0
move-v: 0, 20, 0, 20, 0, 20, 0, 20, 0
push-h: 0, 64, 0, 64, 0, 64, 0, 64, 62
push-h-goal: 0, 64, 0, 64, 0, 64, 0, 64, 60
push-v: 0, 64, 0, 64, 0, 64, 0, 64, 62
push-v-goal: 0, 64, 0, 64, 0, 64, 0, 64, 56
Step 240
move-h: 0, 20, 0, 20, 0, 20, 0, 20, 0
move-v: 0, 20, 0, 20, 0, 20, 0, 20, 0
push-h: 0, 64, 0, 64, 0, 64, 0, 64, 62
push-h-goal: 0, 64, 0, 64, 0, 64, 0, 64, 61
push-v: 0, 64, 0, 64, 0, 64, 0, 64, 62
push-v-goal: 0, 64, 0, 64, 0, 64, 0, 64, 56
Step 241
move-h: 0, 20, 0, 20, 0, 20, 0, 20, 0
move-v: 0, 20, 0, 20, 0, 20, 0, 20, 0
push-h: 0, 64, 0, 64, 0, 64, 0, 64, 62
push-h-goal: 0, 64, 0, 64, 0, 64, 0, 64, 62
push-v: 0, 64, 0, 64, 0, 64, 0, 64, 62
push-v-goal: 0, 64, 0, 64, 0, 64, 0, 64, 56
Step 242
move-h: 0, 20, 0, 20, 0, 20, 0, 20, 0
move-v: 0, 20, 0, 20, 0, 20, 0, 20, 0
push-h: 0, 64, 0, 64, 0, 64, 0, 64, 62
push-h-goal: 0, 64, 0, 64, 0, 64, 0, 64, 62
push-v: 0, 64, 0, 64, 0, 64, 0, 64, 62
push-v-goal: 0, 64, 0, 64, 0, 64, 0, 64, 57
Step 243
move-h: 0, 20, 0, 20, 0, 20, 0, 20, 0
move-v: 0, 20, 0, 20, 0, 20, 0, 20, 0
push-h: 0, 64, 0, 64, 0, 64, 0, 64, 62
push-h-goal: 0, 64, 0, 64, 0, 64, 0, 64, 62
push-v: 0, 64, 0, 64, 0, 64, 0, 64, 62
push-v-goal: 0, 64, 0, 64, 0, 64, 0, 64, 58
Step 244
move-h: 0, 20, 0, 20, 0, 20, 0, 20, 0
move-v: 0, 20, 0, 20, 0, 20, 0, 20, 0
push-h: 0, 64, 0, 64, 0, 64, 0, 64, 62
push-h-goal: 0, 64, 0, 64, 0, 64, 0, 64, 62
push-v: 0, 64, 0, 64, 0, 64, 0, 64, 62
push-v-goal: 0, 64, 0, 64, 0, 64, 0, 64, 59
Step 245
move-h: 0, 20, 0, 20, 0, 20, 0, 20, 0
move-v: 0, 20, 0, 20, 0, 20, 0, 20, 0
push-h: 0, 64, 0, 64, 0, 64, 0, 64, 62
push-h-goal: 0, 64, 0, 64, 0, 64, 0, 64, 62
push-v: 0, 64, 0, 64, 0, 64, 0, 64, 62
push-v-goal: 0, 64, 0, 64, 0, 64, 0, 64, 60
Step 246
move-h: 0, 20, 0, 20, 0, 20, 0, 20, 0
move-v: 0, 20, 0, 20, 0, 20, 0, 20, 0
push-h: 0, 64, 0, 64, 0, 64, 0, 64, 62
push-h-goal: 0, 64, 0, 64, 0, 64, 0, 64, 62
push-v: 0, 64, 0, 64, 0, 64, 0, 64, 62
push-v-goal: 0, 64, 0, 64, 0, 64, 0, 64, 61
Step 247
move-h: 0, 20, 0, 20, 0, 20, 0, 20, 0
move-v: 0, 20, 0, 20, 0, 20, 0, 20, 0
push-h: 0, 64, 0, 64, 0, 64, 0, 64, 62
push-h-goal: 0, 64, 0, 64, 0, 64, 0, 64, 62
push-v: 0, 64, 0, 64, 0, 64, 0, 64, 62
push-v-goal: 0, 64, 0, 64, 0, 64, 0, 64, 62
Step 248
move-h: 0, 20, 0, 20, 0, 20, 0, 20, 0
move-v: 0, 20, 0, 20, 0, 20, 0, 20, 0
push-h: 0, 64, 0, 64, 0, 64, 0, 64, 63
push-h-goal: 0, 64, 0, 64, 0, 64, 0, 64, 62
push-v: 0, 64, 0, 64, 0, 64, 0, 64, 62
push-v-goal: 0, 64, 0, 64, 0, 64, 0, 64, 62
Step 249
move-h: 0, 20, 0, 20, 0, 20, 0, 20, 0
move-v: 0, 20, 0, 20, 0, 20, 0, 20, 0
push-h: 0, 64, 0, 64, 0, 64, 0, 64, 63
push-h-goal: 0, 64, 0, 64, 0, 64, 0, 64, 62
push-v: 0, 64, 0, 64, 0, 64, 0, 64, 63
push-v-goal: 0, 64, 0, 64, 0, 64, 0, 64, 62
Step 250
move-h: 0, 20, 0, 20, 0, 20, 0, 20, 0
move-v: 0, 20, 0, 20, 0, 20, 0, 20, 0
push-h: 0, 64, 0, 64, 0, 64, 0, 64, 63
push-h-goal: 0, 64, 0, 64, 0, 64, 0, 64, 63
push-v: 0, 64, 0, 64, 0, 64, 0, 64, 63
push-v-goal: 0, 64, 0, 64, 0, 64, 0, 64, 62
Step 251
move-h: 0, 20, 0, 20, 0, 20, 0, 20, 0
move-v: 0, 20, 0, 20, 0, 20, 0, 20, 0
push-h: 0, 64, 0, 64, 0, 64, 0, 64, 63
push-h-goal: 0, 64, 0, 64, 0, 64, 0, 64, 63
push-v: 0, 64, 0, 64, 0, 64, 0, 64, 63
push-v-goal: 0, 64, 0, 64, 0, 64, 0, 64, 63
Step 252
move-h: 0, 20, 0, 20, 0, 20, 0, 20, 0
move-v: 0, 20, 0, 20, 0, 20, 0, 20, 0
push-h: 0, 64, 0, 64, 0, 64, 0, 64, 64
push-h-goal: 0, 64, 0, 64, 0, 64, 0, 64, 63
push-v: 0, 64, 0, 64, 0, 64, 0, 64, 63
push-v-goal: 0, 64, 0, 64, 0, 64, 0, 64, 63
Step 253
move-h: 0, 20, 0, 20, 0, 20, 0, 20, 0
move-v: 0, 20, 0, 20, 0, 20, 0, 20, 0
push-h: 0, 64, 0, 64, 0, 64, 0, 64, 64
push-h-goal: 0, 64, 0, 64, 0, 64, 0, 64, 63
push-v: 0, 64, 0, 64, 0, 64, 0, 64, 64
push-v-goal: 0, 64, 0, 64, 0, 64, 0, 64, 63
Step 254
move-h: 0, 20, 0, 20, 0, 20, 0, 20, 0
move-v: 0, 20, 0, 20, 0, 20, 0, 20, 0
push-h: 0, 64, 0, 64, 0, 64, 0, 64, 64
push-h-goal: 0, 64, 0, 64, 0, 64, 0, 64, 64
push-v: 0, 64, 0, 64, 0, 64, 0, 64, 64
push-v-goal: 0, 64, 0, 64, 0, 64, 0, 64, 63
Step 255
move-h: 0, 20, 0, 20, 0, 20, 0, 20, 0
move-v: 0, 20, 0, 20, 0, 20, 0, 20, 0
push-h: 0, 64, 0, 64, 0, 64, 0, 64, 64
push-h-goal: 0, 64, 0, 64, 0, 64, 0, 64, 64
push-v: 0, 64, 0, 64, 0, 64, 0, 64, 64
push-v-goal: 0, 64, 0, 64, 0, 64, 0, 64, 64
Step 256
move-h: 0, 20, 0, 20, 0, 20, 0, 20, 1
move-v: 0, 20, 0, 20, 0, 20, 0, 20, 0
push-h: 0, 64, 0, 64, 0, 64, 0, 64, 64
push-h-goal: 0, 64, 0, 64, 0, 64, 0, 64, 64
push-v: 0, 64, 0, 64, 0, 64, 0, 64, 64
push-v-goal: 0, 64, 0, 64, 0, 64, 0, 64, 64
Step 257
move-h: 0, 20, 0, 20, 0, 20, 0, 20, 2
move-v: 0, 20, 0, 20, 0, 20, 0, 20, 0
push-h: 0, 64, 0, 64, 0, 64, 0, 64, 64
push-h-goal: 0, 64, 0, 64, 0, 64, 0, 64, 64
push-v: 0, 64, 0, 64, 0, 64, 0, 64, 64
push-v-goal: 0, 64, 0, 64, 0, 64, 0, 64, 64
Step 258
move-h: 0, 20, 0, 20, 0, 20, 0, 20, 2
move-v: 0, 20, 0, 20, 0, 20, 0, 20, 1
push-h: 0, 64, 0, 64, 0, 64, 0, 64, 64
push-h-goal: 0, 64, 0, 64, 0, 64, 0, 64, 64
push-v: 0, 64, 0, 64, 0, 64, 0, 64, 64
push-v-goal: 0, 64, 0, 64, 0, 64, 0, 64, 64
Step 259
move-h: 0, 20, 0, 20, 0, 20, 0, 20, 2
move-v: 0, 20, 0, 20, 0, 20, 0, 20, 2
push-h: 0, 64, 0, 64, 0, 64, 0, 64, 64
push-h-goal: 0, 64, 0, 64, 0, 64, 0, 64, 64
push-v: 0, 64, 0, 64, 0, 64, 0, 64, 64
push-v-goal: 0, 64, 0, 64, 0, 64, 0, 64, 64
Step 260
move-h: 0, 20, 0, 20, 0, 20, 0, 20, 3
move-v: 0, 20, 0, 20, 0, 20, 0, 20, 2
push-h: 0, 64, 0, 64, 0, 64, 0, 64, 64
push-h-goal: 0, 64, 0, 64, 0, 64, 0, 64, 64
push-v: 0, 64, 0, 64, 0, 64, 0, 64, 64
push-v-goal: 0, 64, 0, 64, 0, 64, 0, 64, 64
Step 261
move-h: 0, 20, 0, 20, 0, 20, 0, 20, 4
move-v: 0, 20, 0, 20, 0, 20, 0, 20, 2
push-h: 0, 64, 0, 64, 0, 64, 0, 64, 64
push-h-goal: 0, 64, 0, 64, 0, 64, 0, 64, 64
push-v: 0, 64, 0, 64, 0, 64, 0, 64, 64
push-v-goal: 0, 64, 0, 64, 0, 64, 0, 64, 64
Step 262
move-h: 0, 20, 0, 20, 0, 20, 0, 20, 4
move-v: 0, 20, 0, 20, 0, 20, 0, 20, 3
push-h: 0, 64, 0, 64, 0, 64, 0, 64, 64
push-h-goal: 0, 64, 0, 64, 0, 64, 0, 64, 64
push-v: 0, 64, 0, 64, 0, 64, 0, 64, 64
push-v-goal: 0, 64, 0, 64, 0, 64, 0, 64, 64
Step 263
move-h: 0, 20, 0, 20, 0, 20, 0, 20, 4
move-v: 0, 20, 0, 20, 0, 20, 0, 20, 4
push-h: 0, 64, 0, 64, 0, 64, 0, 64, 64
push-h-goal: 0, 64, 0, 64, 0, 64, 0, 64, 64
push-v: 0, 64, 0, 64, 0, 64, 0, 64, 64
push-v-goal: 0, 64, 0, 64, 0, 64, 0, 64, 64
Step 264
move-h: 0, 20, 0, 20, 0, 20, 0, 20, 5
move-v: 0, 20, 0, 20, 0, 20, 0, 20, 4
push-h: 0, 64, 0, 64, 0, 64, 0, 64, 64
push-h-goal: 0, 64, 0, 64, 0, 64, 0, 64, 64
push-v: 0, 64, 0, 64, 0, 64, 0, 64, 64
push-v-goal: 0, 64, 0, 64, 0, 64, 0, 64, 64
Step 265
move-h: 0, 20, 0, 20, 0, 20, 0, 20, 6
move-v: 0, 20, 0, 20, 0, 20, 0, 20, 4
push-h: 0, 64, 0, 64, 0, 64, 0, 64, 64
push-h-goal: 0, 64, 0, 64, 0, 64, 0, 64, 64
push-v: 0, 64, 0, 64, 0, 64, 0, 64, 64
push-v-goal: 0, 64, 0, 64, 0, 64, 0, 64, 64
Step 266
move-h: 0, 20, 0, 20, 0, 20, 0, 20, 6
move-v: 0, 20, 0, 20, 0, 20, 0, 20, 5
push-h: 0, 64, 0, 64, 0, 64, 0, 64, 64
push-h-goal: 0, 64, 0, 64, 0, 64, 0, 64, 64
push-v: 0, 64, 0, 64, 0, 64, 0, 64, 64
push-v-goal: 0, 64, 0, 64, 0, 64, 0, 64, 64
Step 267
move-h: 0, 20, 0, 20, 0, 20, 0, 20, 6
move-v: 0, 20, 0, 20, 0, 20, 0, 20, 6
push-h: 0, 64, 0, 64, 0, 64, 0, 64, 64
push-h-goal: 0, 64, 0, 64, 0, 64, 0, 64, 64
push-v: 0, 64, 0, 64, 0, 64, 0, 64, 64
push-v-goal: 0, 64, 0, 64, 0, 64, 0, 64, 64
Step 268
move-h: 0, 20, 0, 20, 0, 20, 0, 20, 7
move-v: 0, 20, 0, 20, 0, 20, 0, 20, 6
push-h: 0, 64, 0, 64, 0, 64, 0, 64, 64
push-h-goal: 0, 64, 0, 64, 0, 64, 0, 64, 64
push-v: 0, 64, 0, 64, 0, 64, 0, 64, 64
push-v-goal: 0, 64, 0, 64, 0, 64, 0, 64, 64
Step 269
move-h: 0, 20, 0, 20, 0, 20, 0, 20, 7
move-v: 0, 20, 0, 20, 0, 20, 0, 20, 7
push-h: 0, 64, 0, 64, 0, 64, 0, 64, 64
push-h-goal: 0, 64, 0, 64, 0, 64, 0, 64, 64
push-v: 0, 64, 0, 64, 0, 64, 0, 64, 64
push-v-goal: 0, 64, 0, 64, 0, 64, 0, 64, 64
Step 270
move-h: 0, 20, 0, 20, 0, 20, 0, 20, 8
move-v: 0, 20, 0, 20, 0, 20, 0, 20, 7
push-h: 0, 64, 0, 64, 0, 64, 0, 64, 64
push-h-goal: 0, 64, 0, 64, 0, 64, 0, 64, 64
push-v: 0, 64, 0, 64, 0, 64, 0, 64, 64
push-v-goal: 0, 64, 0, 64, 0, 64, 0, 64, 64
Step 271
move-h: 0, 20, 0, 20, 0, 20, 0, 20, 9
move-v: 0, 20, 0, 20, 0, 20, 0, 20, 7
push-h: 0, 64, 0, 64, 0, 64, 0, 64, 64
push-h-goal: 0, 64, 0, 64, 0, 64, 0, 64, 64
push-v: 0, 64, 0, 64, 0, 64, 0, 64, 64
push-v-goal: 0, 64, 0, 64, 0, 64, 0, 64, 64
Step 272
move-h: 0, 20, 0, 20, 0, 20, 0, 20, 9
move-v: 0, 20, 0, 20, 0, 20, 0, 20, 8
push-h: 0, 64, 0, 64, 0, 64, 0, 64, 64
push-h-goal: 0, 64, 0, 64, 0, 64, 0, 64, 64
push-v: 0, 64, 0, 64, 0, 64, 0, 64, 64
push-v-goal: 0, 64, 0, 64, 0, 64, 0, 64, 64
Step 273
move-h: 0, 20, 0, 20, 0, 20, 0, 20, 9
move-v: 0, 20, 0, 20, 0, 20, 0, 20, 9
push-h: 0, 64, 0, 64, 0, 64, 0, 64, 64
push-h-goal: 0, 64, 0, 64, 0, 64, 0, 64, 64
push-v: 0, 64, 0, 64, 0, 64, 0, 64, 64
push-v-goal: 0, 64, 0, 64, 0, 64, 0, 64, 64
Step 274
move-h: 0, 20, 0, 20, 0, 20, 0, 20, 10
move-v: 0, 20, 0, 20, 0, 20, 0, 20, 9
push-h: 0, 64, 0, 64, 0, 64, 0, 64, 64
push-h-goal: 0, 64, 0, 64, 0, 64, 0, 64, 64
push-v: 0, 64, 0, 64, 0, 64, 0, 64, 64
push-v-goal: 0, 64, 0, 64, 0, 64, 0, 64, 64
Step 275
move-h: 0, 20, 0, 20, 0, 20, 0, 20, 11
move-v: 0, 20, 0, 20, 0, 20, 0, 20, 9
push-h: 0, 64, 0, 64, 0, 64, 0, 64, 64
push-h-goal: 0, 64, 0, 64, 0, 64, 0, 64, 64
push-v: 0, 64, 0, 64, 0, 64, 0, 64, 64
push-v-goal: 0, 64, 0, 64, 0, 64, 0, 64, 64
Step 276
move-h: 0, 20, 0, 20, 0, 20, 0, 20, 11
move-v: 0, 20, 0, 20, 0, 20, 0, 20, 10
push-h: 0, 64, 0, 64, 0, 64, 0, 64, 64
push-h-goal: 0, 64, 0, 64, 0, 64, 0, 64, 64
push-v: 0, 64, 0, 64, 0, 64, 0, 64, 64
push-v-goal: 0, 64, 0, 64, 0, 64, 0, 64, 64
Step 277
move-h: 0, 20, 0, 20, 0, 20, 0, 20, 11
move-v: 0, 20, 0, 20, 0, 20, 0, 20, 11
push-h: 0, 64, 0, 64, 0, 64, 0, 64, 64
push-h-goal: 0, 64, 0, 64, 0, 64, 0, 64, 64
push-v: 0, 64, 0, 64, 0, 64, 0, 64, 64
push-v-goal: 0, 64, 0, 64, 0, 64, 0, 64, 64
Step 278
move-h: 0, 20, 0, 20, 0, 20, 0, 20, 12
move-v: 0, 20, 0, 20, 0, 20, 0, 20, 11
push-h: 0, 64, 0, 64, 0, 64, 0, 64, 64
push-h-goal: 0, 64, 0, 64, 0, 64, 0, 64, 64
push-v: 0, 64, 0, 64, 0, 64, 0, 64, 64
push-v-goal: 0, 64, 0, 64, 0, 64, 0, 64, 64
Step 279
move-h: 0, 20, 0, 20, 0, 20, 0, 20, 12
move-v: 0, 20, 0, 20, 0, 20, 0, 20, 12
push-h: 0, 64, 0, 64, 0, 64, 0, 64, 64
push-h-goal: 0, 64, 0, 64, 0, 64, 0, 64, 64
push-v: 0, 64, 0, 64, 0, 64, 0, 64, 64
push-v-goal: 0, 64, 0, 64, 0, 64, 0, 64, 64
Step 280
move-h: 2, 0, 2, 0, 1, 3, 0, 16, 2
move-v: 0, 20, 0, 20, 0, 20, 0, 20, 12
push-h: 0, 64, 0, 64, 0, 64, 0, 64, 64
push-h-goal: 0, 64, 0, 64, 0, 64, 0, 64, 64
push-v: 0, 64, 0, 64, 0, 64, 0, 64, 64
push-v-goal: 0, 64, 0, 64, 0, 64, 0, 64, 64
Step 281
move-h: 2, 0, 2, 0, 1, 3, 0, 16, 2
move-v: 0, 20, 0, 20, 0, 20, 0, 20, 12
push-h: 0, 64, 0, 64, 0, 64, 0, 64, 65
push-h-goal: 0, 64, 0, 64, 0, 64, 0, 64, 64
push-v: 0, 64, 0, 64, 0, 64, 0, 64, 64
push-v-goal: 0, 64, 0, 64, 0, 64, 0, 64, 64
Step 282
move-h: 2, 0, 2, 0, 1, 3, 0, 16, 2
move-v: 0, 20, 0, 20, 0, 20, 0, 20, 12
push-h: 0, 64, 0, 64, 0, 64, 0, 64, 66
push-h-goal: 0, 64, 0, 64, 0, 64, 0, 64, 64
push-v: 0, 64, 0, 64, 0, 64, 0, 64, 64
push-v-goal: 0, 64, 0, 64, 0, 64, 0, 64, 64
Step 283
move-h: 2, 0, 2, 0, 1, 3, 0, 16, 2
move-v: 0, 20, 0, 20, 0, 20, 0, 20, 12
push-h: 0, 64, 0, 64, 0, 64, 0, 64, 67
push-h-goal: 0, 64, 0, 64, 0, 64, 0, 64, 64
push-v: 0, 64, 0, 64, 0, 64, 0, 64, 64
push-v-goal: 0, 64, 0, 64, 0, 64, 0, 64, 64
Step 284
move-h: 2, 0, 2, 0, 1, 3, 0, 16, 2
move-v: 0, 20, 0, 20, 0, 20, 0, 20, 12
push-h: 0, 64, 0, 64, 0, 64, 0, 64, 68
push-h-goal: 0, 64, 0, 64, 0, 64, 0, 64, 64
push-v: 0, 64, 0, 64, 0, 64, 0, 64, 64
push-v-goal: 0, 64, 0, 64, 0, 64, 0, 64, 64
Step 285
move-h: 2, 0, 2, 0, 1, 3, 0, 16, 2
move-v: 0, 20, 0, 20, 0, 20, 0, 20, 12
push-h: 0, 64, 0, 64, 0, 64, 0, 64, 69
push-h-goal: 0, 64, 0, 64, 0, 64, 0, 64, 64
push-v: 0, 64, 0, 64, 0, 64, 0, 64, 64
push-v-goal: 0, 64, 0, 64, 0, 64, 0, 64, 64
Step 286
move-h: 2, 0, 2, 0, 1, 3, 0, 16, 2
move-v: 0, 20, 0, 20, 0, 20, 0, 20, 12
push-h: 0, 64, 0, 64, 0, 64, 0, 64, 70
push-h-goal: 0, 64, 0, 64, 0, 64, 0, 64, 64
push-v: 0, 64, 0, 64, 0, 64, 0, 64, 64
push-v-goal: 0, 64, 0, 64, 0, 64, 0, 64, 64
Step 287
move-h: 2, 0, 2, 0, 1, 3, 0, 16, 2
move-v: 0, 20, 0, 20, 0, 20, 0, 20, 12
push-h: 0, 64, 0, 64, 0, 64, 0, 64, 70
push-h-goal: 0, 64, 0, 64, 0, 64, 0, 64, 64
push-v: 0, 64, 0, 64, 0, 64, 0, 64, 65
push-v-goal: 0, 64, 0, 64, 0, 64, 0, 64, 64
Step 288
move-h: 2, 0, 2, 0, 1, 3, 0, 16, 2
move-v: 0, 20, 0, 20, 0, 20, 0, 20, 12
push-h: 0, 64, 0, 64, 0, 64, 0, 64, 70
push-h-goal: 0, 64, 0, 64, 0, 64, 0, 64, 64
push-v: 0, 64, 0, 64, 0, 64, 0, 64, 66
push-v-goal: 0, 64, 0, 64, 0, 64, 0, 64, 64
Step 289
move-h: 2, 0, 2, 0, 1, 3, 0, 16, 2
move-v: 0, 20, 0, 20, 0, 20, 0, 20, 12
push-h: 0, 64, 0, 64, 0, 64, 0, 64, 70
push-h-goal: 0, 64, 0, 64, 0, 64, 0, 64, 64
push-v: 0, 64, 0, 64, 0, 64, 0, 64, 67
push-v-goal: 0, 64, 0, 64, 0, 64, 0, 64, 64
Step 290
move-h: 2, 0, 2, 0, 1, 3, 0, 16, 2
move-v: 0, 20, 0, 20, 0, 20, 0, 20, 12
push-h: 0, 64, 0, 64, 0, 64, 0, 64, 70
push-h-goal: 0, 64, 0, 64, 0, 64, 0, 64, 64
push-v: 0, 64, 0, 64, 0, 64, 0, 64, 68
push-v-goal: 0, 64, 0, 64, 0, 64, 0, 64, 64
Step 291
move-h: 2, 0, 2, 0, 1, 3, 0, 16, 2
move-v: 0, 20, 0, 20, 0, 20, 0, 20, 12
push-h: 0, 64, 0, 64, 0, 64, 0, 64, 70
push-h-goal: 0, 64, 0, 64, 0, 64, 0, 64, 64
push-v: 0, 64, 0, 64, 0, 64, 0, 64, 69
push-v-goal: 0, 64, 0, 64, 0, 64, 0, 64, 64
Step 292
move-h: 2, 0, 2, 0, 1, 3, 0, 16, 2
move-v: 0, 20, 0, 20, 0, 20, 0, 20, 12
push-h: 0, 64, 0, 64, 0, 64, 0, 64, 70
push-h-goal: 0, 64, 0, 64, 0, 64, 0, 64, 64
push-v: 0, 64, 0, 64, 0, 64, 0, 64, 70
push-v-goal: 0, 64, 0, 64, 0, 64, 0, 64, 64
Step 293
move-h: 2, 0, 2, 0, 1, 3, 0, 16, 2
move-v: 0, 20, 0, 20, 0, 20, 0, 20, 12
push-h: 0, 64, 0, 64, 0, 64, 0, 64, 70
push-h-goal: 4, 0, 3, 0, 0, 8, 0, 56, 64
push-v: 0, 64, 0, 64, 0, 64, 0, 64, 70
push-v-goal: 0, 64, 0, 64, 0, 64, 0, 64, 64
